Geneid	Cbr_1_Cbr	Cbr_2_Cbr	Cbr_3_Cbr	HF1_1_Cbr	HF1_2_Cbr	HF1_3_Cbr	Cni_1_Cni	Cni_2_Cni	Cni_3_Cni	HF1_1_Cni	HF1_2_Cni	HF1_3_Cni
CBRIG.I.g1002.t1__CNIGO.Cnig_chr_I.g494.t1	963	959	1029	472	430	537	6127	5805	5642	1484	1421	1373
CBRIG.I.g1021.t1__CNIGO.Cnig_chr_I.g522.t1	919	981	857	515	525	506	555	403	435	265	211	248
CBRIG.I.g1042.t3__CNIGO.Cnig_chr_I.g545.t2	1013	1106	1165	584	550	499	1590	1669	1745	229	311	307
CBRIG.I.g1066.t1__CNIGO.Cnig_chr_I.g568.t1	301	262	302	142	158	149	357	322	337	187	189	128
CBRIG.I.g1120.t1__CNIGO.Cnig_chr_I.g25.t1	190	182	132	112	96	107	354	348	337	300	321	434
CBRIG.I.g1149.t1__CNIGO.Cnig_chr_I.g635.t1	1859	1605	1626	619	604	635	316	355	336	196	175	173
CBRIG.I.g1155.t1__CNIGO.Cnig_chr_I.g645.t1	326	313	339	717	713	658	108	143	143	125	78	85
CBRIG.I.g1176.t1__CNIGO.Cnig_chr_I.g674.t1	144	149	137	88	41	63	703	536	520	443	345	350
CBRIG.I.g1199.t1__CNIGO.Cnig_chr_I.g704.t1	1463	1500	1287	699	655	785	575	426	539	259	263	223
CBRIG.I.g1237.t1__CNIGO.Cnig_chr_I.g783.t1	605	716	613	292	319	340	1215	1215	1409	345	316	329
CBRIG.I.g1245.t1__CNIGO.Cnig_chr_I.g800.t1	159	213	250	220	177	195	419	374	378	79	104	94
CBRIG.I.g1269.t1__CNIGO.Cnig_chr_I.g836.t1	569	516	474	304	252	272	3089	3224	3091	278	164	247
CBRIG.I.g1288.t1__CNIGO.Cnig_chr_I.g858.t1	550	460	425	220	278	203	2752	2725	2776	969	1065	1115
CBRIG.I.g1306.t1__CNIGO.Cnig_chr_I.g872.t1	515	535	433	118	82	126	134	140	191	67	54	66
CBRIG.I.g1329.t1__CNIGO.Cnig_chr_I.g901.t2	268	248	226	222	258	217	256	228	187	94	149	115
CBRIG.I.g1336.t1__CNIGO.Cnig_chr_I.g908.t1	1300	1326	1348	1074	1114	1088	718	762	707	396	371	324
CBRIG.I.g1357.t4__CNIGO.Cnig_chr_I.g953.t1	2729	2790	2589	329	357	355	725	741	713	789	778	673
CBRIG.I.g1377.t3__CNIGO.Cnig_chr_I.g976.t2	781	639	606	1459	1319	1340	620	722	646	332	307	328
CBRIG.I.g1409.t2__CNIGO.Cnig_chr_I.g1006.t1	434	592	590	1011	975	1064	1094	1111	1031	246	283	312
CBRIG.I.g1413.t1__CNIGO.Cnig_chr_I.g1010.t1	570	492	517	243	340	253	906	920	956	187	206	218
CBRIG.I.g1426.t2__CNIGO.Cnig_chr_I.g1025.t2	599	667	734	545	573	568	637	700	634	328	308	343
CBRIG.I.g1437.t2__CNIGO.Cnig_chr_I.g1037.t1	404	368	310	161	203	158	654	731	691	1507	1405	1538
CBRIG.I.g1441.t3__CNIGO.Cnig_chr_I.g1041.t3	1020	915	1009	438	507	465	840	930	735	2783	2662	2880
CBRIG.I.g1502.t1__CNIGO.Cnig_chr_I.g1114.t1	568	565	571	448	472	475	127	179	159	89	88	65
CBRIG.I.g1515.t2__CNIGO.Cnig_chr_I.g1127.t2	4432	4532	3932	523	516	569	1165	1061	1088	1686	1603	1796
CBRIG.I.g1538.t2__CNIGO.Cnig_chr_I.g1149.t1	195	196	202	75	61	125	402	462	454	169	181	179
CBRIG.I.g1543.t1__CNIGO.Cnig_chr_I.g1155.t1	120	101	68	46	39	48	161	201	172	34	75	33
CBRIG.I.g1582.t1__CNIGO.Cnig_chr_I.g1192.t1	824	765	915	242	238	270	300	270	257	136	86	154
CBRIG.I.g1585.t1__CNIGO.Cnig_chr_I.g1194.t1	2768	2816	2562	706	670	612	610	753	647	309	413	258
CBRIG.I.g1588.t3__CNIGO.Cnig_chr_I.g1197.t1	1969	1973	2192	476	565	456	791	850	818	447	418	538
CBRIG.I.g1627.t1__CNIGO.Cnig_chr_I.g1233.t1	540	526	545	309	276	259	1813	1746	1852	230	255	288
CBRIG.I.g1631.t1__CNIGO.Cnig_chr_I.g1237.t2	1249	1225	1146	495	558	613	4794	4818	4854	1710	1954	1851
CBRIG.I.g1656.t1__CNIGO.Cnig_chr_I.g1262.t1	432	508	505	1015	1056	922	973	1093	1038	300	250	297
CBRIG.I.g1681.t2__CNIGO.Cnig_chr_I.g1290.t1	1567	1590	1629	1569	1476	1393	7628	7407	7495	744	794	749
CBRIG.I.g1726.t1__CNIGO.Cnig_chr_I.g1339.t1	193	231	212	181	248	207	446	457	458	87	114	106
CBRIG.I.g1749.t1__CNIGO.Cnig_chr_I.g1361.t1	2304	2211	2309	684	615	603	391	424	425	248	243	195
CBRIG.I.g1751.t1__CNIGO.Cnig_chr_I.g1365.t1	1062	1010	1256	694	600	661	566	590	575	263	317	280
CBRIG.I.g1758.t1__CNIGO.Cnig_chr_I.g1372.t1	277	381	370	89	91	55	191	114	178	104	51	108
CBRIG.I.g1794.t1__CNIGO.Cnig_chr_I.g1410.t1	794	760	948	508	370	426	2692	2864	2712	430	472	449
CBRIG.I.g1820.t1__CNIGO.Cnig_chr_I.g1433.t1	112	107	137	161	94	137	380	436	452	68	56	88
CBRIG.I.g1835.t1__CNIGO.Cnig_chr_I.g1453.t1	404	419	390	179	139	150	766	720	745	223	174	219
CBRIG.I.g1846.t1__CNIGO.Cnig_chr_I.g1468.t1	516	668	465	564	552	574	2005	1895	1816	347	302	263
CBRIG.I.g1847.t1__CNIGO.Cnig_chr_I.g1469.t1	2399	2322	2235	249	261	209	399	388	340	179	186	156
CBRIG.I.g1871.t1__CNIGO.Cnig_chr_I.g1486.t2	362	352	417	209	175	145	502	417	415	241	207	256
CBRIG.I.g1944.t2__CNIGO.Cnig_chr_I.g1546.t1	704	653	782	427	514	529	315	293	263	138	135	166
CBRIG.I.g1966.t1__CNIGO.Cnig_chr_I.g1570.t3	257	222	231	107	111	112	193	191	229	146	118	110
CBRIG.I.g1967.t1__CNIGO.Cnig_chr_I.g1571.t1	811	835	785	1177	1196	1116	1499	1513	1601	429	334	399
CBRIG.I.g1994.t1__CNIGO.Cnig_chr_I.g1673.t1	1452	1336	1393	1133	931	1004	795	676	619	352	309	385
CBRIG.I.g2029.t1__CNIGO.Cnig_chr_I.g1635.t1	1021	1002	1119	53	34	96	111	115	115	80	55	81
CBRIG.I.g2051.t1__CNIGO.Cnig_chr_I.g1615.t2	545	494	531	281	319	325	505	509	568	241	235	284
CBRIG.I.g2085.t3__CNIGO.Cnig_chr_I.g1709.t1	1039	898	1018	427	489	567	444	443	484	317	262	250
CBRIG.I.g2123.t1__CNIGO.Cnig_chr_I.g1766.t2	2414	2429	2437	1209	1241	1320	826	799	669	371	381	337
CBRIG.I.g2149.t1__CNIGO.Cnig_chr_I.g1742.t1	1554	1522	1534	235	302	225	495	458	423	498	524	426
CBRIG.I.g2162.t1__CNIGO.Cnig_chr_I.g1789.t1	164	208	228	85	93	80	344	339	389	134	103	47
CBRIG.I.g2171.t1__CNIGO.Cnig_chr_I.g1796.t1	395	291	349	213	157	233	2286	2288	2306	379	330	367
CBRIG.I.g2193.t3__CNIGO.Cnig_chr_I.g1821.t1	1832	1843	1759	374	360	314	622	631	640	658	634	713
CBRIG.I.g2199.t2__CNIGO.Cnig_chr_I.g1827.t1	190	132	156	96	91	34	114	90	116	71	62	61
CBRIG.I.g2203.t1__CNIGO.Cnig_chr_I.g1831.t1	254	201	197	403	316	348	395	442	392	148	117	104
CBRIG.I.g2294.t2__CNIGO.Cnig_chr_I.g1920.t1	588	538	491	300	266	280	2168	2041	2406	511	561	454
CBRIG.I.g2299.t1__CNIGO.Cnig_chr_I.g1925.t1	66	81	68	47	65	33	145	63	86	115	102	183
CBRIG.I.g2398.t1__CNIGO.Cnig_chr_I.g2084.t1	789	749	724	186	191	141	409	324	430	194	186	230
CBRIG.I.g2416.t2__CNIGO.Cnig_chr_I.g2070.t2	280	277	125	501	560	551	594	563	628	79	117	90
CBRIG.I.g2417.t2__CNIGO.Cnig_chr_I.g2069.t2	377	362	407	250	246	210	2298	2163	2228	310	341	436
CBRIG.I.g2423.t1__CNIGO.Cnig_chr_I.g2063.t2	2391	2491	2146	320	350	270	327	327	297	203	166	187
CBRIG.I.g2513.t1__CNIGO.Cnig_chr_I.g1992.t1	568	567	674	272	265	300	1570	1582	1618	689	874	729
CBRIG.I.g2517.t1__CNIGO.Cnig_chr_I.g1988.t1	174	165	202	116	100	114	437	425	438	319	281	305
CBRIG.I.g2526.t1__CNIGO.Cnig_chr_I.g2100.t1	162	223	148	99	114	103	220	227	198	101	106	70
CBRIG.I.g2529.t1__CNIGO.Cnig_chr_I.g2102.t1	1239	1337	1271	146	153	168	300	307	307	157	155	158
CBRIG.I.g2547.t2__CNIGO.Cnig_chr_I.g2120.t2	212	209	224	505	435	481	231	208	250	98	197	152
CBRIG.I.g2549.t2__CNIGO.Cnig_chr_I.g2123.t2	482	374	405	219	258	207	923	819	756	244	203	214
CBRIG.I.g2552.t2__CNIGO.Cnig_chr_I.g2128.t1	2461	2441	2600	638	626	653	1241	1425	1375	1754	1978	1895
CBRIG.I.g2560.t1__CNIGO.Cnig_chr_I.g2135.t1	682	613	553	93	71	99	208	180	194	339	349	289
CBRIG.I.g2619.t1__CNIGO.Cnig_chr_I.g2205.t1	742	819	693	403	489	399	9002	8949	9146	1129	1137	1140
CBRIG.I.g2640.t1__CNIGO.Cnig_chr_I.g2225.t2	592	500	540	315	272	244	6205	6424	6341	1051	995	1018
CBRIG.I.g2651.t1__CNIGO.Cnig_chr_I.g2235.t1	408	405	380	171	182	222	971	1222	1117	556	532	525
CBRIG.I.g2655.t1__CNIGO.Cnig_chr_I.g2248.t1	638	628	629	360	330	391	406	396	513	142	179	235
CBRIG.I.g2683.t1__CNIGO.Cnig_chr_I.g2275.t1	250	210	244	172	130	140	716	813	720	211	236	275
CBRIG.I.g2697.t1__CNIGO.Cnig_chr_I.g2287.t1	401	455	425	211	193	173	314	312	333	316	386	382
CBRIG.I.g2725.t1__CNIGO.Cnig_chr_I.g2319.t1	108	192	163	77	65	63	171	175	146	107	93	99
CBRIG.I.g2735.t1__CNIGO.Cnig_chr_I.g2327.t1	830	798	893	1042	1199	1064	429	408	535	241	184	219
CBRIG.I.g2758.t1__CNIGO.Cnig_chr_I.g2361.t1	383	402	367	201	221	168	373	431	382	389	409	413
CBRIG.I.g2782.t1__CNIGO.Cnig_chr_I.g2394.t2	424	394	438	217	176	161	933	1026	1059	135	151	150
CBRIG.I.g2795.t3__CNIGO.Cnig_chr_I.g2411.t2	2663	2704	2683	234	215	243	506	442	458	902	804	816
CBRIG.I.g2830.t1__CNIGO.Cnig_chr_I.g2443.t1	2224	2189	2207	402	379	308	640	669	641	292	367	315
CBRIG.I.g2847.t1__CNIGO.Cnig_chr_I.g2464.t1	535	617	581	321	294	337	618	527	616	298	324	300
CBRIG.I.g2850.t1__CNIGO.Cnig_chr_I.g2467.t1	501	566	483	305	226	227	936	1081	989	617	535	530
CBRIG.I.g2874.t1__CNIGO.Cnig_chr_I.g2498.t1	798	790	683	67	53	45	127	88	60	131	148	204
CBRIG.I.g2910.t1__CNIGO.Cnig_chr_I.g2525.t2	255	218	180	90	35	78	117	151	114	133	106	125
CBRIG.I.g2924.t1__CNIGO.Cnig_chr_I.g2539.t1	2090	1803	1889	981	922	923	7719	7539	7635	4634	4318	4814
CBRIG.I.g2950.t1__CNIGO.Cnig_chr_I.g2578.t1	1235	1244	1150	899	978	895	394	352	351	196	186	212
CBRIG.I.g2968.t1__CNIGO.Cnig_chr_I.g2595.t1	97	103	142	50	68	55	728	572	684	125	148	107
CBRIG.I.g2975.t1__CNIGO.Cnig_chr_I.g2601.t1	692	727	627	1662	1682	1712	1800	2016	1970	282	273	306
CBRIG.I.g3000.t1__CNIGO.Cnig_chr_I.g2632.t1	741	793	745	384	401	374	1840	1748	1920	416	410	515
CBRIG.I.g3003.t1__CNIGO.Cnig_chr_I.g2635.t3	308	226	301	507	486	514	341	327	415	153	222	133
CBRIG.I.g3031.t1__CNIGO.Cnig_chr_I.g2664.t1	483	381	343	193	154	199	363	235	314	657	588	721
CBRIG.I.g3119.t1__CNIGO.Cnig_chr_I.g2776.t1	468	535	495	934	926	1012	1393	1153	1418	205	210	241
CBRIG.I.g3152.t1__CNIGO.Cnig_chr_I.g2813.t1	897	1035	935	408	419	499	175	241	179	117	103	124
CBRIG.I.g3171.t1__CNIGO.Cnig_chr_I.g2897.t1	692	467	604	41	26	63	111	105	118	149	145	129
CBRIG.I.g3204.t1__CNIGO.Cnig_chr_I.g2954.t1	454	450	467	238	241	193	281	244	192	172	105	104
CBRIG.I.g3213.t1__CNIGO.Cnig_chr_I.g2964.t1	650	641	583	168	136	144	315	357	382	204	186	201
CBRIG.I.g3222.t1__CNIGO.Cnig_chr_I.g2975.t1	82	147	129	266	246	243	125	139	111	110	53	62
CBRIG.I.g3263.t2__CNIGO.Cnig_chr_I.g3034.t1	960	1060	870	503	544	483	7869	7797	7886	2397	2475	2337
CBRIG.I.g3279.t1__CNIGO.Cnig_chr_I.g3060.t2	147	208	156	646	593	565	356	358	371	64	100	78
CBRIG.I.g3280.t1__CNIGO.Cnig_chr_I.g3061.t2	1048	1111	1076	1185	1210	1180	2314	2226	2190	596	624	642
CBRIG.I.g3459.t1__CNIGO.Cnig_chr_I.g3225.t1	525	397	405	86	63	78	160	178	142	76	62	73
CBRIG.I.g3476.t1__CNIGO.Cnig_chr_I.g3202.t1	139	168	180	100	66	52	1009	1096	1030	168	178	170
CBRIG.I.g3527.t2__CNIGO.Cnig_chr_I.g3435.t1	810	1005	1000	1516	1342	1388	5705	5727	5654	405	427	461
CBRIG.I.g3532.t2__CNIGO.Cnig_chr_I.g3442.t1	488	445	442	702	630	622	460	477	532	208	204	274
CBRIG.I.g3581.t2__CNIGO.Cnig_chr_I.g3511.t1	134	123	95	66	69	49	444	475	546	73	32	66
CBRIG.I.g3612.t5__CNIGO.Cnig_chr_I.g3562.t3	9079	9073	9369	1529	1526	1495	1265	1428	1339	689	693	665
CBRIG.I.g3663.t1__CNIGO.Cnig_chr_I.g3607.t1	729	734	867	116	99	97	289	224	242	119	164	112
CBRIG.I.g3685.t1__CNIGO.Cnig_chr_I.g3646.t1	319	336	313	69	98	98	272	362	325	150	172	137
CBRIG.I.g3715.t2__CNIGO.Cnig_chr_I.g3733.t3	585	634	521	256	415	321	2423	2283	2306	277	272	256
CBRIG.I.g3773.t1__CNIGO.Cnig_chr_I.g3793.t2	1832	1862	1871	345	314	268	671	592	653	701	541	597
CBRIG.I.g3779.t1__CNIGO.Cnig_chr_I.g3798.t1	347	414	395	129	103	128	420	339	324	173	204	236
CBRIG.I.g3892.t1__CNIGO.Cnig_chr_I.g3948.t1	717	768	773	62	92	92	101	77	105	109	112	98
CBRIG.I.g3901.t1__CNIGO.Cnig_chr_I.g3940.t1	714	763	607	302	333	346	355	326	360	204	153	157
CBRIG.I.g3903.t1__CNIGO.Cnig_chr_I.g3938.t1	685	767	591	644	723	652	1142	1301	1362	331	264	389
CBRIG.I.g3915.t1__CNIGO.Cnig_chr_I.g3926.t1	1096	1036	1124	602	598	554	956	1049	1140	1606	1627	1695
CBRIG.I.g3919.t1__CNIGO.Cnig_chr_I.g3921.t1	986	1083	1010	147	156	151	245	234	270	402	402	395
CBRIG.I.g3920.t1__CNIGO.Cnig_chr_I.g3920.t1	141	142	166	231	184	194	429	384	372	65	83	83
CBRIG.I.g730.t1__CNIGO.Cnig_chr_I.g100.t1	169	216	160	78	80	86	588	528	525	54	128	84
CBRIG.I.g779.t1__CNIGO.Cnig_chr_I.g222.t1	490	474	453	201	221	225	4454	4628	4509	440	459	462
CBRIG.I.g801.t1__CNIGO.Cnig_chr_I.g250.t1	568	509	524	878	844	707	629	576	539	270	289	301
CBRIG.I.g821.t1__CNIGO.Cnig_chr_I.g294.t2	1270	1304	1382	724	650	706	2632	2662	2665	2064	2044	2115
CBRIG.I.g829.t1__CNIGO.Cnig_chr_I.g302.t2	372	442	409	227	185	182	1345	1399	1303	675	660	652
CBRIG.I.g833.t2__CNIGO.Cnig_chr_I.g300.t2	1177	1303	1202	566	549	643	3968	3776	3745	415	518	553
CBRIG.I.g841.t2__CNIGO.Cnig_chr_I.g309.t1	57	107	107	34	27	50	370	426	345	56	27	32
CBRIG.I.g885.t1__CNIGO.Cnig_chr_I.g370.t1	586	593	645	679	584	671	205	198	209	96	99	115
CBRIG.I.g886.t1__CNIGO.Cnig_chr_I.g371.t1	639	590	491	517	620	544	1231	1044	1161	239	241	262
CBRIG.I.g894.t1__CNIGO.Cnig_chr_I.g379.t2	260	263	283	141	109	165	1537	1574	1600	221	261	301
CBRIG.I.g898.t1__CNIGO.Cnig_chr_I.g383.t1	199	261	291	476	524	460	209	254	205	135	115	131
CBRIG.I.g919.t3__CNIGO.Cnig_chr_I.g408.t1	2270	2348	2438	233	252	183	347	451	346	165	246	151
CBRIG.I.g942.t1__CNIGO.Cnig_chr_I.g430.t1	2857	2783	2897	438	426	441	1037	902	799	1263	1558	1393
CBRIG.I.g943.t1__CNIGO.Cnig_chr_I.g429.t1	333	413	332	95	50	75	125	144	127	98	108	126
CBRIG.I.g944.t1__CNIGO.Cnig_chr_I.g428.t2	1017	1075	1000	551	545	553	450	528	490	254	311	254
CBRIG.I.g975.t1__CNIGO.Cnig_chr_I.g463.t2	1968	1915	1935	423	515	477	999	1045	942	471	519	506
CBRIG.II.g3927.t1__CNIGO.Cnig_chr_II.g3973.t1	4457	4216	4360	1093	1091	1039	408	401	516	227	194	202
CBRIG.II.g3934.t1__CNIGO.Cnig_chr_II.g3981.t1	2453	2564	2627	903	902	853	436	446	467	203	222	216
CBRIG.II.g3961.t1__CNIGO.Cnig_chr_II.g4012.t1	1320	1108	1186	294	352	389	656	561	713	601	531	567
CBRIG.II.g3980.t1__CNIGO.Cnig_chr_II.g4031.t1	172	175	163	99	69	103	280	306	266	402	434	313
CBRIG.II.g3989.t1__CNIGO.Cnig_chr_II.g4041.t1	435	454	532	515	456	454	1373	1498	1387	294	260	325
CBRIG.II.g4041.t1__CNIGO.Cnig_chr_II.g4120.t1	579	541	576	271	229	283	3481	3697	3436	494	421	525
CBRIG.II.g4104.t1__CNIGO.Cnig_chr_II.g4192.t2	2068	2029	1951	432	567	489	505	554	539	228	270	292
CBRIG.II.g4126.t1__CNIGO.Cnig_chr_II.g4222.t2	708	702	741	1801	1789	1877	584	648	532	311	276	278
CBRIG.II.g4142.t1__CNIGO.Cnig_chr_II.g4205.t1	861	798	912	151	152	156	313	240	291	110	128	144
CBRIG.II.g4167.t2__CNIGO.Cnig_chr_II.g4238.t3	665	707	742	713	657	743	1510	1357	1417	405	409	381
CBRIG.II.g4218.t1__CNIGO.Cnig_chr_II.g7837.t1	241	204	227	190	233	218	98	74	63	66	45	45
CBRIG.II.g4249.t1__CNIGO.Cnig_chr_II.g4388.t3	266	281	326	193	147	152	850	953	908	792	834	794
CBRIG.II.g4252.t1__CNIGO.Cnig_chr_II.g4392.t1	723	919	723	210	201	185	454	363	377	549	599	604
CBRIG.II.g4263.t1__CNIGO.Cnig_chr_II.g4400.t1	947	894	879	196	210	205	413	425	406	733	633	612
CBRIG.II.g4298.t1__CNIGO.Cnig_chr_II.g4465.t2	2335	2213	2297	3816	3922	3863	1357	1285	1228	571	584	603
CBRIG.II.g4312.t1__CNIGO.Cnig_chr_II.g4485.t1	318	277	291	102	163	116	465	467	524	367	421	393
CBRIG.II.g4339.t1__CNIGO.Cnig_chr_II.g4523.t2	109	104	87	117	112	98	846	909	871	229	254	228
CBRIG.II.g4375.t1__CNIGO.Cnig_chr_II.g4562.t1	596	562	566	287	268	293	681	612	622	518	536	529
CBRIG.II.g4383.t1__CNIGO.Cnig_chr_II.g4568.t1	730	841	840	1110	1179	1163	114	110	108	44	46	60
CBRIG.II.g4385.t2__CNIGO.Cnig_chr_II.g4570.t1	1714	1717	1743	181	165	185	254	229	261	372	383	339
CBRIG.II.g4386.t1__CNIGO.Cnig_chr_II.g4571.t1	406	517	487	970	1058	958	387	447	345	192	162	202
CBRIG.II.g4400.t1__CNIGO.Cnig_chr_II.g4586.t1	872	801	832	135	96	139	169	212	162	124	117	174
CBRIG.II.g4412.t1__CNIGO.Cnig_chr_II.g4602.t1	714	664	815	1054	1091	1057	697	634	690	346	377	359
CBRIG.II.g4426.t1__CNIGO.Cnig_chr_II.g4616.t1	300	260	237	133	90	112	474	508	480	131	130	117
CBRIG.II.g4439.t1__CNIGO.Cnig_chr_II.g4662.t2	716	616	701	279	393	347	2281	2305	2276	473	437	366
CBRIG.II.g4456.t1__CNIGO.Cnig_chr_II.g4644.t1	594	615	566	254	371	296	2182	2187	2203	598	576	574
CBRIG.II.g4459.t1__CNIGO.Cnig_chr_II.g4666.t2	1688	1760	1738	1301	1263	1332	381	393	379	228	168	204
CBRIG.II.g4477.t1__CNIGO.Cnig_chr_II.g4688.t1	1124	1069	1106	215	189	166	240	233	208	88	84	104
CBRIG.II.g4502.t1__CNIGO.Cnig_chr_II.g4713.t1	421	469	587	823	728	744	1036	904	1013	251	213	269
CBRIG.II.g4516.t1__CNIGO.Cnig_chr_II.g4735.t1	1596	1446	1431	370	315	448	803	604	624	380	363	301
CBRIG.II.g4578.t1__CNIGO.Cnig_chr_II.g4808.t2	666	649	633	987	926	1016	1058	1020	992	249	236	233
CBRIG.II.g4650.t1__CNIGO.Cnig_chr_II.g5039.t1	288	252	282	174	159	145	273	251	250	362	417	446
CBRIG.II.g4655.t2__CNIGO.Cnig_chr_II.g5030.t1	5888	5546	5614	368	360	355	760	710	740	1073	1080	1133
CBRIG.II.g4665.t1__CNIGO.Cnig_chr_II.g5016.t1	3380	3706	3541	788	871	778	347	404	474	198	150	205
CBRIG.II.g4674.t1__CNIGO.Cnig_chr_II.g5009.t1	3421	3415	3556	974	1165	909	739	638	658	289	319	301
CBRIG.II.g4703.t1__CNIGO.Cnig_chr_II.g4962.t1	1148	1047	1026	1590	1613	1553	3258	3042	3198	583	517	538
CBRIG.II.g4714.t1__CNIGO.Cnig_chr_II.g4953.t1	638	777	694	344	304	324	3135	3050	3215	1032	926	948
CBRIG.II.g4757.t1__CNIGO.Cnig_chr_II.g5079.t1	394	480	455	211	174	251	1533	1534	1409	470	469	477
CBRIG.II.g4793.t1__CNIGO.Cnig_chr_II.g5128.t1	477	454	551	305	241	261	654	553	637	106	56	79
CBRIG.II.g4807.t1__CNIGO.Cnig_chr_II.g5147.t1	459	519	419	253	290	243	420	410	445	219	225	232
CBRIG.II.g4811.t1__CNIGO.Cnig_chr_II.g5152.t1	2841	2797	2799	1289	1391	1311	413	431	401	162	257	179
CBRIG.II.g4836.t1__CNIGO.Cnig_chr_II.g5176.t1	2493	2548	2489	7378	7615	7303	2678	2581	2509	320	316	391
CBRIG.II.g4879.t1__CNIGO.Cnig_chr_II.g5216.t1	1227	1101	1223	498	631	454	650	501	555	252	353	387
CBRIG.II.g4886.t2__CNIGO.Cnig_chr_II.g5224.t1	208	145	176	104	116	91	705	680	861	271	333	300
CBRIG.II.g4901.t1__CNIGO.Cnig_chr_II.g5240.t1	898	1072	892	502	390	489	1893	2010	1909	1854	1869	2071
CBRIG.II.g4930.t1__CNIGO.Cnig_chr_II.g5267.t1	503	478	459	1421	1553	1544	572	466	470	192	242	244
CBRIG.II.g4947.t2__CNIGO.Cnig_chr_II.g5288.t1	847	719	871	856	739	777	762	850	811	395	388	396
CBRIG.II.g4958.t1__CNIGO.Cnig_chr_II.g5299.t1	376	369	415	391	384	384	1561	1475	1528	186	158	163
CBRIG.II.g4979.t1__CNIGO.Cnig_chr_II.g5314.t1	461	391	413	58	84	73	156	134	146	147	95	147
CBRIG.II.g4992.t1__CNIGO.Cnig_chr_II.g5327.t1	114	100	85	33	60	69	460	592	543	119	70	108
CBRIG.II.g5005.t1__CNIGO.Cnig_chr_II.g5342.t1	478	471	445	235	250	172	3360	3444	3408	859	862	791
CBRIG.II.g5016.t1__CNIGO.Cnig_chr_II.g5353.t1	321	230	247	577	627	602	322	356	258	119	158	124
CBRIG.II.g5020.t1__CNIGO.Cnig_chr_II.g5356.t1	6244	5970	6360	1574	1645	1502	1524	1577	1411	741	750	686
CBRIG.II.g5046.t1__CNIGO.Cnig_chr_II.g5384.t1	336	268	306	156	145	144	636	633	625	169	130	128
CBRIG.II.g5054.t1__CNIGO.Cnig_chr_II.g5394.t1	366	391	487	350	386	375	775	784	848	198	225	207
CBRIG.II.g5057.t1__CNIGO.Cnig_chr_II.g5398.t1	285	317	328	73	47	98	75	96	98	31	41	51
CBRIG.II.g5066.t1__CNIGO.Cnig_chr_II.g5407.t2	685	629	674	115	180	176	309	283	341	147	119	166
CBRIG.II.g5093.t1__CNIGO.Cnig_chr_II.g5434.t1	110	96	112	46	59	61	374	368	343	44	25	60
CBRIG.II.g5098.t1__CNIGO.Cnig_chr_II.g5438.t3	3872	3808	3844	429	373	310	890	811	811	351	412	370
CBRIG.II.g5124.t3__CNIGO.Cnig_chr_II.g5457.t2	438	455	389	176	249	205	1271	1162	1257	393	453	365
CBRIG.II.g5133.t2__CNIGO.Cnig_chr_II.g5467.t1	1927	1937	1874	281	278	348	628	658	591	293	291	279
CBRIG.II.g5149.t1__CNIGO.Cnig_chr_II.g5483.t1	70	126	79	39	39	67	440	417	388	84	116	121
CBRIG.II.g5155.t1__CNIGO.Cnig_chr_II.g5488.t1	68	63	71	38	35	36	664	677	693	50	59	73
CBRIG.II.g5158.t1__CNIGO.Cnig_chr_II.g5492.t1	140	126	128	156	135	110	518	536	602	44	92	58
CBRIG.II.g5168.t1__CNIGO.Cnig_chr_II.g5502.t1	285	228	237	220	208	283	537	548	430	103	74	54
CBRIG.II.g5201.t2__CNIGO.Cnig_chr_II.g5532.t1	693	691	637	144	165	142	256	332	356	173	142	165
CBRIG.II.g5205.t1__CNIGO.Cnig_chr_II.g5539.t1	724	711	599	272	328	254	755	621	586	331	337	326
CBRIG.II.g5212.t2__CNIGO.Cnig_chr_II.g5547.t2	11079	10812	11029	3227	3111	3138	1596	1583	1584	779	790	692
CBRIG.II.g5288.t3__CNIGO.Cnig_chr_II.g5630.t3	432	482	520	794	869	726	1079	1207	1068	254	267	258
CBRIG.II.g5299.t1__CNIGO.Cnig_chr_II.g5640.t1	708	724	603	1675	1660	1556	4085	3972	3806	348	326	305
CBRIG.II.g5327.t1__CNIGO.Cnig_chr_II.g5663.t1	137	234	223	95	99	97	330	370	373	302	280	379
CBRIG.II.g5330.t1__CNIGO.Cnig_chr_II.g5666.t1	505	488	594	243	250	319	313	244	204	77	119	146
CBRIG.II.g5331.t3__CNIGO.Cnig_chr_II.g5667.t2	415	355	300	143	163	160	1153	1164	1155	326	297	262
CBRIG.II.g5355.t1__CNIGO.Cnig_chr_II.g5694.t1	2015	2130	1818	204	255	213	515	477	514	659	836	713
CBRIG.II.g5374.t1__CNIGO.Cnig_chr_II.g5717.t1	205	261	249	122	129	106	2951	3268	3070	756	861	856
CBRIG.II.g5433.t1__CNIGO.Cnig_chr_II.g5789.t1	438	443	465	142	120	141	184	234	177	448	419	475
CBRIG.II.g5476.t1__CNIGO.Cnig_chr_II.g5832.t1	1802	1679	1860	838	894	893	5391	5269	5575	2772	2646	2755
CBRIG.II.g5479.t2__CNIGO.Cnig_chr_II.g5836.t1	733	892	778	265	174	229	266	224	231	96	116	112
CBRIG.II.g5552.t1__CNIGO.Cnig_chr_II.g5909.t1	796	665	640	755	618	742	6108	6178	6252	366	317	388
CBRIG.II.g5560.t1__CNIGO.Cnig_chr_II.g5918.t1	576	573	637	436	340	293	1605	1745	1664	1583	1384	1549
CBRIG.II.g5586.t1__CNIGO.Cnig_chr_II.g5741.t3	838	723	795	69	61	44	134	176	157	192	102	148
CBRIG.II.g5587.t1__CNIGO.Cnig_chr_II.g5947.t1	723	692	691	313	350	370	1415	1527	1544	812	745	732
CBRIG.II.g5635.t1__CNIGO.Cnig_chr_II.g5995.t1	1629	1496	1744	472	425	385	950	885	1000	1802	1867	1799
CBRIG.II.g5638.t1__CNIGO.Cnig_chr_II.g5998.t1	126	96	134	81	60	97	453	512	428	105	109	137
CBRIG.II.g5639.t1__CNIGO.Cnig_chr_II.g5999.t2	288	280	348	890	803	745	283	319	246	135	141	121
CBRIG.II.g5674.t1__CNIGO.Cnig_chr_II.g6035.t2	735	986	794	219	215	153	386	483	448	1429	1372	1623
CBRIG.II.g5695.t2__CNIGO.Cnig_chr_II.g6059.t1	705	774	691	430	348	372	224	226	210	81	103	109
CBRIG.II.g5715.t3__CNIGO.Cnig_chr_II.g6077.t2	994	837	1050	2584	2668	2659	2179	2253	2220	196	229	249
CBRIG.II.g5716.t1__CNIGO.Cnig_chr_II.g6079.t2	250	314	283	1314	1252	1161	371	406	335	160	192	161
CBRIG.II.g5729.t1__CNIGO.Cnig_chr_II.g6095.t1	344	315	324	396	317	321	894	900	1010	214	166	160
CBRIG.II.g5745.t1__CNIGO.Cnig_chr_II.g6110.t1	1000	989	1035	165	160	192	380	312	327	803	867	887
CBRIG.II.g5781.t1__CNIGO.Cnig_chr_II.g6154.t1	334	282	325	368	319	286	2166	1868	1909	520	550	436
CBRIG.II.g5836.t1__CNIGO.Cnig_chr_II.g6217.t1	398	465	450	489	408	450	493	343	436	181	265	172
CBRIG.II.g5842.t1__CNIGO.Cnig_chr_II.g6223.t1	1197	1123	1110	544	552	563	1207	1271	1216	594	642	612
CBRIG.II.g5867.t1__CNIGO.Cnig_chr_II.g6251.t4	350	480	408	215	213	198	406	422	522	231	187	244
CBRIG.II.g5873.t1__CNIGO.Cnig_chr_II.g6257.t1	4299	4213	4175	249	274	211	561	460	493	1785	1754	1753
CBRIG.II.g5874.t2__CNIGO.Cnig_chr_II.g6258.t2	365	375	377	224	247	266	1202	1270	1185	203	191	211
CBRIG.II.g5882.t1__CNIGO.Cnig_chr_II.g6266.t1	1142	1289	1095	402	353	420	426	390	352	154	212	186
CBRIG.II.g5924.t2__CNIGO.Cnig_chr_II.g6308.t1	250	255	179	73	130	101	218	234	202	139	93	94
CBRIG.II.g5991.t2__CNIGO.Cnig_chr_II.g6374.t1	272	352	375	430	510	436	176	189	199	107	98	103
CBRIG.II.g6008.t1__CNIGO.Cnig_chr_II.g6386.t2	170	224	197	91	149	85	389	396	434	717	758	733
CBRIG.II.g6022.t1__CNIGO.Cnig_chr_II.g6402.t1	386	405	378	193	156	202	1380	1386	1387	362	355	321
CBRIG.II.g6036.t1__CNIGO.Cnig_chr_II.g6418.t1	314	405	439	44	62	64	107	129	123	52	68	49
CBRIG.II.g6040.t1__CNIGO.Cnig_chr_II.g6422.t1	335	274	347	160	132	164	1509	1435	1567	452	432	475
CBRIG.II.g6044.t1__CNIGO.Cnig_chr_II.g6427.t2	388	409	432	395	476	403	1301	1234	1158	199	183	196
CBRIG.II.g6067.t1__CNIGO.Cnig_chr_II.g6453.t3	2531	2691	2542	454	553	451	831	815	799	351	329	399
CBRIG.II.g6090.t1__CNIGO.Cnig_chr_II.g6472.t1	145	141	134	187	222	175	818	888	739	52	45	64
CBRIG.II.g6092.t1__CNIGO.Cnig_chr_II.g6474.t1	1095	1066	1110	1571	1565	1775	1196	1098	1057	565	606	630
CBRIG.II.g6102.t1__CNIGO.Cnig_chr_II.g6488.t2	784	697	755	358	336	371	2263	2393	2274	502	385	430
CBRIG.II.g6106.t1__CNIGO.Cnig_chr_II.g6491.t1	141	183	241	117	104	71	152	163	208	73	115	93
CBRIG.II.g6128.t1__CNIGO.Cnig_chr_II.g6511.t1	340	352	358	184	163	156	560	636	629	185	177	153
CBRIG.II.g6166.t2__CNIGO.Cnig_chr_II.g6571.t1	22037	22139	22612	1468	1669	1625	1322	1376	1468	735	839	635
CBRIG.II.g6167.t1__CNIGO.Cnig_chr_II.g6572.t1	317	294	368	60	68	90	97	143	151	136	147	133
CBRIG.II.g6168.t1__CNIGO.Cnig_chr_II.g6573.t1	276	240	238	252	188	287	648	690	634	145	175	139
CBRIG.II.g6184.t2__CNIGO.Cnig_chr_II.g6592.t1	1623	1539	1590	2458	2434	2324	14701	14332	14355	767	709	812
CBRIG.II.g6195.t1__CNIGO.Cnig_chr_II.g6605.t1	275	197	303	378	327	396	757	839	688	137	151	108
CBRIG.II.g6257.t1__CNIGO.Cnig_chr_II.g6682.t1	815	708	746	201	149	197	151	208	183	59	113	99
CBRIG.II.g6276.t1__CNIGO.Cnig_chr_II.g6702.t1	454	441	531	260	198	233	1294	1413	1240	652	741	700
CBRIG.II.g6277.t1__CNIGO.Cnig_chr_II.g6703.t1	1007	1005	1046	241	209	177	235	169	191	123	71	116
CBRIG.II.g6298.t1__CNIGO.Cnig_chr_II.g6722.t1	2139	2206	2155	502	571	479	230	157	219	96	104	96
CBRIG.II.g6305.t1__CNIGO.Cnig_chr_II.g6730.t1	467	501	368	183	188	217	303	300	256	158	139	135
CBRIG.II.g6319.t1__CNIGO.Cnig_chr_II.g6742.t1	677	657	595	86	117	116	239	174	144	93	80	62
CBRIG.II.g6327.t1__CNIGO.Cnig_chr_II.g6748.t1	632	604	539	538	534	439	277	299	309	165	183	151
CBRIG.II.g6358.t1__CNIGO.Cnig_chr_II.g6822.t1	699	645	680	47	78	66	177	195	136	89	119	80
CBRIG.II.g6410.t1__CNIGO.Cnig_chr_II.g6886.t1	491	518	455	70	71	61	293	287	229	127	92	137
CBRIG.II.g6424.t1__CNIGO.Cnig_chr_II.g6956.t1	167	144	197	79	80	75	162	181	209	90	61	66
CBRIG.II.g6453.t1__CNIGO.Cnig_chr_II.g6757.t1	421	407	447	181	179	182	513	403	471	906	867	974
CBRIG.II.g6463.t3__CNIGO.Cnig_chr_II.g6768.t1	368	485	425	203	187	156	954	982	1056	278	349	371
CBRIG.II.g6547.t1__CNIGO.Cnig_chr_II.g6959.t2	136	75	136	117	117	114	950	769	852	133	150	96
CBRIG.II.g6558.t1__CNIGO.Cnig_chr_II.g6971.t3	142	133	158	162	155	126	1617	1693	1484	167	208	224
CBRIG.II.g6561.t1__CNIGO.Cnig_chr_II.g6981.t1	731	666	805	102	103	107	170	131	196	233	174	152
CBRIG.II.g6656.t1__CNIGO.Cnig_chr_II.g7190.t1	265	288	277	429	434	445	3056	3000	3144	330	481	368
CBRIG.II.g6685.t1__CNIGO.Cnig_chr_II.g7206.t1	209	249	261	354	316	424	271	276	227	126	62	126
CBRIG.II.g6686.t1__CNIGO.Cnig_chr_II.g7207.t1	471	460	503	111	99	119	288	294	359	121	153	168
CBRIG.II.g6702.t2__CNIGO.Cnig_chr_II.g7236.t1	217	152	212	69	112	121	392	319	307	78	87	63
CBRIG.II.g6703.t1__CNIGO.Cnig_chr_II.g7237.t1	1001	990	979	498	464	554	885	877	1064	498	452	477
CBRIG.II.g6705.t2__CNIGO.Cnig_chr_II.g7242.t1	1949	2156	2013	346	382	383	433	430	378	225	177	130
CBRIG.II.g6721.t1__CNIGO.Cnig_chr_II.g7263.t2	209	201	270	125	110	110	229	234	210	111	133	66
CBRIG.II.g6744.t1__CNIGO.Cnig_chr_II.g7289.t1	190	180	197	118	95	133	561	578	602	173	175	158
CBRIG.II.g6766.t2__CNIGO.Cnig_chr_II.g7312.t1	224	126	196	99	137	82	150	150	211	198	221	183
CBRIG.II.g6793.t2__CNIGO.Cnig_chr_II.g7356.t1	282	389	447	198	187	192	181	165	160	47	57	57
CBRIG.II.g6843.t1__CNIGO.Cnig_chr_II.g7423.t1	1208	1354	1279	102	102	102	152	165	182	71	132	88
CBRIG.II.g7093.t1__CNIGO.Cnig_chr_II.g7964.t1	510	470	500	100	154	110	262	183	227	658	621	580
CBRIG.II.g7094.t1__CNIGO.Cnig_chr_II.g7965.t1	212	142	186	100	73	60	700	755	740	90	113	74
CBRIG.II.g7112.t1__CNIGO.Cnig_chr_II.g7975.t1	513	508	461	219	242	293	405	449	492	241	196	255
CBRIG.II.g7117.t5__CNIGO.Cnig_chr_II.g7868.t1	1754	1736	1754	511	451	474	356	283	281	165	146	112
CBRIG.II.g7130.t1__CNIGO.Cnig_chr_II.g8011.t1	151	183	150	76	57	103	548	584	559	135	139	140
CBRIG.II.g7165.t3__CNIGO.Cnig_chr_II.g7938.t1	571	547	514	227	238	286	1276	1223	1297	297	256	260
CBRIG.II.g7317.t1__CNIGO.Cnig_chr_II.g8257.t1	1764	1626	1731	105	84	140	106	141	172	279	239	309
CBRIG.II.g7367.t1__CNIGO.Cnig_chr_II.g8307.t2	1496	1570	1601	202	173	145	446	407	460	255	209	225
CBRIG.II.g7381.t1__CNIGO.Cnig_chr_II.g8319.t1	2014	1894	2011	284	317	250	422	498	558	1085	1003	1034
CBRIG.II.g7397.t1__CNIGO.Cnig_chr_II.g8336.t1	1301	1337	1405	706	689	717	483	383	489	211	202	208
CBRIG.III.g10012.t1__CNIGO.Cnig_chr_III.g11463.t3	3370	2947	3118	820	891	733	3828	3874	3572	1977	1894	2060
CBRIG.III.g10014.t1__CNIGO.Cnig_chr_III.g11461.t3	1869	1964	1853	1057	995	950	6100	6040	5804	2882	2987	2821
CBRIG.III.g10036.t2__CNIGO.Cnig_chr_III.g11471.t2	1355	1281	1316	115	96	116	196	308	189	131	119	108
CBRIG.III.g10037.t1__CNIGO.Cnig_chr_III.g11472.t1	543	576	585	292	325	267	568	623	620	322	289	303
CBRIG.III.g10063.t4__CNIGO.Cnig_chr_III.g11503.t3	1871	1840	1963	906	882	936	1400	1414	1425	2149	2191	2333
CBRIG.III.g10082.t1__CNIGO.Cnig_chr_III.g11528.t1	379	355	326	134	169	167	975	1069	1172	300	371	369
CBRIG.III.g10088.t1__CNIGO.Cnig_chr_III.g11549.t1	293	262	272	63	95	95	120	122	159	47	65	83
CBRIG.III.g10148.t2__CNIGO.Cnig_chr_III.g11631.t1	1783	1829	1819	389	447	464	477	428	434	245	200	239
CBRIG.III.g10152.t1__CNIGO.Cnig_chr_III.g11635.t1	248	221	266	233	218	202	293	217	250	102	122	81
CBRIG.III.g10176.t1__CNIGO.Cnig_chr_III.g8965.t1	1124	1096	1204	335	299	338	143	79	104	57	55	34
CBRIG.III.g10183.t1__CNIGO.Cnig_chr_III.g11749.t1	177	177	199	128	80	87	1531	1596	1718	458	474	522
CBRIG.III.g10202.t1__CNIGO.Cnig_chr_III.g11730.t1	849	888	843	711	858	853	1062	1281	1174	606	495	553
CBRIG.III.g10204.t1__CNIGO.Cnig_chr_III.g11729.t1	67	81	72	38	37	48	167	150	149	81	121	93
CBRIG.III.g10209.t1__CNIGO.Cnig_chr_III.g11723.t2	2132	2216	2275	1145	1120	1143	1182	1144	993	564	690	577
CBRIG.III.g10213.t1__CNIGO.Cnig_chr_III.g11716.t1	597	626	582	86	101	141	374	389	336	313	357	288
CBRIG.III.g10218.t1__CNIGO.Cnig_chr_III.g11708.t1	378	429	337	200	134	179	787	720	793	440	377	334
CBRIG.III.g10247.t1__CNIGO.Cnig_chr_III.g11678.t1	175	225	180	32	31	74	186	193	182	239	312	285
CBRIG.III.g10268.t2__CNIGO.Cnig_chr_III.g11773.t1	462	543	504	235	233	246	1364	1398	1480	522	438	449
CBRIG.III.g10320.t1__CNIGO.Cnig_chr_III.g11822.t1	664	719	710	408	310	401	1386	1393	1382	1117	1040	912
CBRIG.III.g10321.t1__CNIGO.Cnig_chr_III.g11823.t1	1558	1561	1482	167	171	175	328	359	267	201	164	153
CBRIG.III.g10323.t1__CNIGO.Cnig_chr_III.g11826.t1	413	349	375	232	232	209	451	478	432	114	209	180
CBRIG.III.g10335.t2__CNIGO.Cnig_chr_III.g11917.t2	2673	2501	2533	625	667	668	1637	1419	1406	789	743	828
CBRIG.III.g10344.t2__CNIGO.Cnig_chr_III.g11905.t2	415	473	498	204	226	235	1322	1235	1321	400	328	477
CBRIG.III.g10355.t1__CNIGO.Cnig_chr_III.g11838.t2	154	181	150	63	79	73	663	701	714	110	135	176
CBRIG.III.g7423.t1__CNIGO.Cnig_chr_III.g8347.t1	294	332	286	605	558	459	164	190	171	92	110	73
CBRIG.III.g7436.t2__CNIGO.Cnig_chr_III.g8362.t1	1567	1703	1428	260	233	262	490	529	507	2470	2741	2701
CBRIG.III.g7440.t1__CNIGO.Cnig_chr_III.g8368.t1	490	426	395	196	170	194	809	753	862	1025	936	875
CBRIG.III.g7485.t3__CNIGO.Cnig_chr_III.g8425.t2	1356	1389	1430	335	331	352	399	413	362	202	165	163
CBRIG.III.g7496.t1__CNIGO.Cnig_chr_III.g8441.t1	271	230	228	142	114	139	248	231	231	360	486	321
CBRIG.III.g7541.t1__CNIGO.Cnig_chr_III.g8501.t1	347	381	371	189	197	181	313	344	391	149	176	171
CBRIG.III.g7617.t1__CNIGO.Cnig_chr_III.g8707.t1	150	164	151	97	85	68	514	505	511	78	78	69
CBRIG.III.g7639.t1__CNIGO.Cnig_chr_III.g8686.t1	251	302	248	58	63	87	270	333	266	571	589	603
CBRIG.III.g7647.t3__CNIGO.Cnig_chr_III.g8677.t3	4831	4709	4664	4541	4869	4834	2247	2388	2323	1100	1165	1355
CBRIG.III.g7667.t3__CNIGO.Cnig_chr_III.g8653.t1	9091	9317	8711	367	392	444	584	571	629	289	337	300
CBRIG.III.g7683.t1__CNIGO.Cnig_chr_III.g8637.t1	4089	3719	3650	270	264	297	467	535	401	1399	1346	1373
CBRIG.III.g7690.t1__CNIGO.Cnig_chr_III.g8628.t1	728	769	770	324	402	358	2707	2474	2658	765	910	827
CBRIG.III.g7698.t1__CNIGO.Cnig_chr_III.g8615.t1	201	215	225	91	96	111	234	242	221	125	73	125
CBRIG.III.g7712.t1__CNIGO.Cnig_chr_III.g8597.t1	970	902	953	248	204	202	290	271	270	124	172	129
CBRIG.III.g7725.t1__CNIGO.Cnig_chr_III.g10041.t1	1399	1272	1493	209	199	220	476	476	471	464	483	485
CBRIG.III.g7739.t1__CNIGO.Cnig_chr_III.g8744.t3	1977	2044	2065	978	1042	968	1031	1030	1069	487	487	522
CBRIG.III.g7758.t2__CNIGO.Cnig_chr_III.g8765.t1	391	414	436	394	427	379	363	404	466	183	201	239
CBRIG.III.g7784.t1__CNIGO.Cnig_chr_III.g8830.t2	779	660	649	2944	2755	2846	3671	4013	3792	357	397	369
CBRIG.III.g7799.t1__CNIGO.Cnig_chr_III.g8809.t1	271	284	234	127	114	92	417	444	391	429	420	348
CBRIG.III.g7815.t1__CNIGO.Cnig_chr_III.g8797.t3	4193	4214	4015	698	751	661	1746	1747	1693	3176	3467	3292
CBRIG.III.g7832.t3__CNIGO.Cnig_chr_III.g8846.t1	420	334	463	215	182	188	1402	1328	1388	371	356	283
CBRIG.III.g7864.t1__CNIGO.Cnig_chr_III.g8894.t1	1231	1292	1192	338	334	286	573	583	528	712	551	691
CBRIG.III.g7931.t1__CNIGO.Cnig_chr_III.g9010.t1	202	190	290	484	485	488	377	445	425	108	122	70
CBRIG.III.g7944.t2__CNIGO.Cnig_chr_III.g9020.t2	2763	2801	2681	340	349	355	591	617	648	909	935	929
CBRIG.III.g7975.t2__CNIGO.Cnig_chr_III.g9130.t1	2082	1873	1876	535	468	429	972	951	1025	499	482	556
CBRIG.III.g7982.t1__CNIGO.Cnig_chr_III.g9134.t2	5083	5092	5369	1800	1949	1895	1559	1639	1526	858	798	784
CBRIG.III.g7996.t1__CNIGO.Cnig_chr_III.g9156.t1	110	134	112	59	33	49	108	126	98	29	45	73
CBRIG.III.g8006.t2__CNIGO.Cnig_chr_III.g9175.t1	587	671	601	365	351	374	764	696	771	263	302	310
CBRIG.III.g8033.t1__CNIGO.Cnig_chr_III.g9285.t1	802	643	605	63	61	94	184	159	158	67	78	111
CBRIG.III.g8102.t1__CNIGO.Cnig_chr_III.g9335.t1	563	613	506	471	558	491	1091	1110	1106	275	257	231
CBRIG.III.g8108.t2__CNIGO.Cnig_chr_III.g9340.t1	168	258	157	94	148	74	179	216	266	65	128	109
CBRIG.III.g8128.t1__CNIGO.Cnig_chr_III.g9369.t2	463	502	452	218	257	200	503	460	483	224	242	239
CBRIG.III.g8144.t1__CNIGO.Cnig_chr_III.g9383.t2	1058	1218	1123	540	592	631	2020	2126	2158	1035	1066	1060
CBRIG.III.g8163.t1__CNIGO.Cnig_chr_III.g9412.t1	310	359	392	63	117	113	209	197	173	83	91	95
CBRIG.III.g8178.t1__CNIGO.Cnig_chr_III.g9428.t1	203	211	193	405	395	419	210	246	259	126	187	83
CBRIG.III.g8185.t1__CNIGO.Cnig_chr_III.g9434.t1	589	658	514	237	318	295	2935	3029	3132	660	711	649
CBRIG.III.g8186.t1__CNIGO.Cnig_chr_III.g9435.t2	982	907	894	953	858	837	840	920	918	420	399	495
CBRIG.III.g8248.t1__CNIGO.Cnig_chr_III.g9503.t1	155	167	143	167	102	157	1288	1256	1301	104	96	92
CBRIG.III.g8270.t1__CNIGO.Cnig_chr_III.g9515.t1	367	302	320	1049	1065	987	375	294	343	161	129	167
CBRIG.III.g8271.t1__CNIGO.Cnig_chr_III.g9514.t1	241	245	275	493	543	544	754	901	910	159	127	164
CBRIG.III.g8297.t1__CNIGO.Cnig_chr_III.g9563.t1	370	360	441	187	207	174	1483	1298	1532	583	561	548
CBRIG.III.g8304.t1__CNIGO.Cnig_chr_III.g9570.t1	996	894	948	691	708	666	523	532	515	236	314	256
CBRIG.III.g8314.t1__CNIGO.Cnig_chr_III.g9585.t1	1134	1114	983	410	372	397	288	273	318	148	138	135
CBRIG.III.g8316.t1__CNIGO.Cnig_chr_III.g9588.t2	215	183	259	82	77	115	642	659	634	322	288	279
CBRIG.III.g8330.t1__CNIGO.Cnig_chr_III.g9599.t1	820	777	808	1280	1173	1041	1772	1445	1619	417	397	404
CBRIG.III.g8336.t2__CNIGO.Cnig_chr_III.g9608.t1	232	285	267	91	131	124	2357	2330	2179	210	170	204
CBRIG.III.g8371.t1__CNIGO.Cnig_chr_III.g9644.t1	1114	1153	1129	232	196	210	389	391	443	907	723	736
CBRIG.III.g8377.t1__CNIGO.Cnig_chr_III.g9651.t1	1262	1196	1300	175	133	150	250	272	231	128	165	142
CBRIG.III.g8408.t1__CNIGO.Cnig_chr_III.g9681.t2	260	321	226	132	177	124	2783	2784	3034	576	486	436
CBRIG.III.g8424.t1__CNIGO.Cnig_chr_III.g9695.t1	4256	4073	4359	1261	1378	1442	1409	1594	1669	707	743	792
CBRIG.III.g8437.t1__CNIGO.Cnig_chr_III.g9709.t1	423	423	492	493	443	514	2002	1789	1718	214	184	227
CBRIG.III.g8533.t2__CNIGO.Cnig_chr_III.g9777.t3	343	342	329	360	331	360	825	817	784	186	165	164
CBRIG.III.g8557.t1__CNIGO.Cnig_chr_III.g9804.t2	608	555	536	68	70	76	155	82	143	31	80	51
CBRIG.III.g8573.t3__CNIGO.Cnig_chr_III.g9822.t2	688	782	857	120	100	154	320	337	394	149	175	149
CBRIG.III.g8642.t1__CNIGO.Cnig_chr_III.g9893.t1	768	800	790	192	169	203	353	379	380	581	579	586
CBRIG.III.g8669.t1__CNIGO.Cnig_chr_III.g9919.t2	379	321	421	156	195	154	340	412	360	354	370	387
CBRIG.III.g8671.t2__CNIGO.Cnig_chr_III.g9921.t1	1750	2097	1896	454	490	415	893	952	1001	477	481	450
CBRIG.III.g8701.t1__CNIGO.Cnig_chr_III.g9956.t1	769	833	822	1339	1261	1291	4216	4370	4584	427	438	358
CBRIG.III.g8741.t1__CNIGO.Cnig_chr_III.g9997.t2	766	857	853	863	992	963	285	300	255	165	156	134
CBRIG.III.g8745.t1__CNIGO.Cnig_chr_III.g10002.t1	1961	1789	1876	268	215	249	494	453	414	466	516	411
CBRIG.III.g8762.t1__CNIGO.Cnig_chr_III.g10023.t1	1604	1518	1625	422	296	372	811	772	711	716	837	661
CBRIG.III.g8764.t1__CNIGO.Cnig_chr_III.g10031.t1	388	322	371	130	89	101	191	282	232	220	171	210
CBRIG.III.g8775.t1__CNIGO.Cnig_chr_III.g10046.t1	580	469	448	511	549	626	962	937	996	229	224	268
CBRIG.III.g8809.t2__CNIGO.Cnig_chr_III.g10085.t1	984	933	1024	261	271	219	499	436	507	479	440	447
CBRIG.III.g8869.t1__CNIGO.Cnig_chr_III.g10140.t1	389	318	369	218	172	172	1452	1488	1620	165	258	302
CBRIG.III.g8872.t1__CNIGO.Cnig_chr_III.g10143.t1	6270	5852	6112	510	453	461	982	993	981	501	435	527
CBRIG.III.g8876.t1__CNIGO.Cnig_chr_III.g10146.t1	393	345	427	150	213	164	750	861	727	213	202	188
CBRIG.III.g8915.t2__CNIGO.Cnig_chr_III.g10182.t1	395	415	366	172	182	174	1101	1084	1103	308	281	322
CBRIG.III.g8947.t1__CNIGO.Cnig_chr_III.g10205.t2	1672	1815	1863	770	711	842	1645	1716	1708	2567	2537	2507
CBRIG.III.g8960.t1__CNIGO.Cnig_chr_III.g10218.t1	747	622	697	355	313	356	3384	3306	3263	665	621	683
CBRIG.III.g8996.t1__CNIGO.Cnig_chr_III.g10267.t1	422	424	458	209	172	216	556	457	496	489	514	559
CBRIG.III.g9020.t1__CNIGO.Cnig_chr_III.g10290.t1	366	427	393	174	187	207	615	630	591	176	149	112
CBRIG.III.g9021.t1__CNIGO.Cnig_chr_III.g10291.t1	276	293	238	189	149	140	560	596	547	187	173	131
CBRIG.III.g9027.t1__CNIGO.Cnig_chr_III.g10296.t2	636	592	659	210	137	143	240	306	351	437	546	398
CBRIG.III.g9036.t3__CNIGO.Cnig_chr_III.g10313.t1	1466	1334	1533	2006	2021	2241	5270	5545	5453	703	669	708
CBRIG.III.g9071.t1__CNIGO.Cnig_chr_III.g10363.t1	1212	1067	1168	326	376	301	370	380	394	173	180	163
CBRIG.III.g9096.t1__CNIGO.Cnig_chr_III.g10418.t1	2824	2697	2880	1401	1286	1327	5490	5476	5312	2611	2758	2468
CBRIG.III.g9117.t1__CNIGO.Cnig_chr_III.g10441.t1	3237	3211	3159	180	155	183	388	386	429	642	594	621
CBRIG.III.g9167.t2__CNIGO.Cnig_chr_III.g10496.t1	553	632	539	688	842	824	2315	2327	2006	254	292	271
CBRIG.III.g9176.t1__CNIGO.Cnig_chr_III.g10506.t1	215	185	206	226	187	212	353	362	363	93	61	104
CBRIG.III.g9181.t3__CNIGO.Cnig_chr_III.g10511.t1	455	392	431	218	245	206	935	812	933	205	243	260
CBRIG.III.g9196.t1__CNIGO.Cnig_chr_III.g10526.t2	3847	4033	4097	866	906	1079	772	694	641	1032	1099	1058
CBRIG.III.g9212.t1__CNIGO.Cnig_chr_III.g10547.t1	382	408	451	172	181	239	395	426	369	239	229	183
CBRIG.III.g9221.t1__CNIGO.Cnig_chr_III.g10555.t1	589	443	433	234	249	236	518	534	508	308	268	218
CBRIG.III.g9258.t2__CNIGO.Cnig_chr_III.g10599.t3	593	601	661	279	291	272	2582	2494	2438	580	573	536
CBRIG.III.g9264.t2__CNIGO.Cnig_chr_III.g10605.t1	355	374	352	155	236	170	798	952	983	214	240	286
CBRIG.III.g9301.t1__CNIGO.Cnig_chr_III.g10642.t1	634	648	561	108	104	103	278	196	207	266	257	207
CBRIG.III.g9309.t1__CNIGO.Cnig_chr_III.g10650.t1	363	336	355	288	238	208	225	198	146	86	74	70
CBRIG.III.g9310.t1__CNIGO.Cnig_chr_III.g10651.t1	185	176	192	100	121	165	455	390	410	236	220	231
CBRIG.III.g9351.t1__CNIGO.Cnig_chr_III.g10693.t3	3938	3867	3669	650	593	639	1230	1179	1381	595	681	727
CBRIG.III.g9357.t2__CNIGO.Cnig_chr_III.g10700.t1	1658	1756	1509	649	610	555	455	415	421	220	208	186
CBRIG.III.g9367.t1__CNIGO.Cnig_chr_III.g10708.t2	541	553	475	576	553	590	1058	1140	1121	283	262	222
CBRIG.III.g9369.t1__CNIGO.Cnig_chr_III.g10731.t1	407	382	313	194	210	237	263	386	359	175	162	197
CBRIG.III.g9412.t1__CNIGO.Cnig_chr_III.g10755.t1	192	129	108	73	85	68	557	552	585	1382	1437	1522
CBRIG.III.g9416.t1__CNIGO.Cnig_chr_III.g10761.t1	200	214	239	125	157	81	258	168	233	155	131	109
CBRIG.III.g9419.t1__CNIGO.Cnig_chr_III.g10825.t2	280	208	269	313	407	309	618	637	792	107	67	90
CBRIG.III.g9423.t1__CNIGO.Cnig_chr_III.g10776.t1	469	470	440	449	453	496	158	166	193	86	87	74
CBRIG.III.g9466.t1__CNIGO.Cnig_chr_III.g10820.t1	772	840	855	139	150	156	308	290	285	190	143	95
CBRIG.III.g9469.t2__CNIGO.Cnig_chr_III.g10822.t2	8278	8619	8322	722	749	648	1589	1647	1707	1557	1698	1696
CBRIG.III.g9476.t1__CNIGO.Cnig_chr_III.g10829.t1	781	851	825	183	168	227	429	438	453	994	1020	1008
CBRIG.III.g9487.t1__CNIGO.Cnig_chr_III.g10845.t1	111	151	142	86	64	84	196	197	260	133	117	126
CBRIG.III.g9492.t1__CNIGO.Cnig_chr_III.g10851.t3	563	557	617	274	306	313	2575	2572	2297	641	575	699
CBRIG.III.g9524.t2__CNIGO.Cnig_chr_III.g10879.t1	565	458	536	829	812	753	2142	2162	2120	222	194	241
CBRIG.III.g9526.t2__CNIGO.Cnig_chr_III.g10881.t1	1128	962	1039	432	480	483	2767	2710	2690	466	384	458
CBRIG.III.g9565.t1__CNIGO.Cnig_chr_III.g10957.t1	130	79	86	71	65	94	119	90	95	60	50	102
CBRIG.III.g9749.t1__CNIGO.Cnig_chr_III.g11072.t1	452	389	508	44	54	47	83	98	113	501	477	550
CBRIG.III.g9771.t1__CNIGO.Cnig_chr_III.g11120.t1	648	728	629	285	273	266	1786	2151	1904	303	294	344
CBRIG.III.g9862.t1__CNIGO.Cnig_chr_III.g11259.t1	2064	2042	2095	160	189	165	382	417	381	639	642	575
CBRIG.III.g9901.t1__CNIGO.Cnig_chr_III.g11311.t1	506	516	572	976	1002	913	945	948	870	256	232	223
CBRIG.III.g9915.t1__CNIGO.Cnig_chr_III.g11327.t1	372	311	300	72	86	59	235	200	159	116	104	121
CBRIG.III.g9916.t1__CNIGO.Cnig_chr_III.g11330.t2	746	672	745	371	397	310	297	271	228	139	104	136
CBRIG.III.g9919.t1__CNIGO.Cnig_chr_III.g11333.t1	333	272	305	120	159	163	385	292	358	375	255	359
CBRIG.III.g9934.t1__CNIGO.Cnig_chr_III.g11355.t1	979	905	973	947	993	900	7364	7531	7626	438	499	421
CBRIG.III.g9940.t1__CNIGO.Cnig_chr_III.g11407.t1	1588	1573	1445	404	407	398	730	708	829	333	299	367
CBRIG.III.g9948.t1__CNIGO.Cnig_chr_III.g11395.t2	497	432	452	192	217	165	883	906	855	239	229	242
CBRIG.III.g9993.t1__CNIGO.Cnig_chr_III.g11023.t1	117	112	120	63	53	50	271	289	421	313	276	267
CBRIG.IV.g10445.t1__CNIGO.Cnig_chr_IV.g12098.t1	2496	2822	2616	1357	1355	1239	648	683	712	330	328	320
CBRIG.IV.g10456.t3__CNIGO.Cnig_chr_IV.g12072.t1	1882	1860	1872	377	492	476	421	353	473	213	192	240
CBRIG.IV.g10474.t1__CNIGO.Cnig_chr_IV.g12051.t2	585	530	544	288	328	298	637	518	572	373	304	273
CBRIG.IV.g10484.t1__CNIGO.Cnig_chr_IV.g12041.t1	998	843	823	447	432	343	828	902	836	393	400	485
CBRIG.IV.g10525.t1__CNIGO.Cnig_chr_IV.g11984.t1	254	315	305	197	140	134	206	202	182	71	72	95
CBRIG.IV.g10552.t2__CNIGO.Cnig_chr_IV.g11953.t1	825	878	815	98	148	123	241	264	215	348	344	357
CBRIG.IV.g10554.t1__CNIGO.Cnig_chr_IV.g11951.t1	321	290	262	181	131	123	535	532	563	233	350	236
CBRIG.IV.g10557.t1__CNIGO.Cnig_chr_IV.g11948.t1	1604	1513	1450	244	221	245	523	527	524	233	252	253
CBRIG.IV.g10589.t1__CNIGO.Cnig_chr_IV.g12155.t1	190	190	209	111	123	79	587	620	674	381	361	448
CBRIG.IV.g10603.t1__CNIGO.Cnig_chr_IV.g12173.t2	2787	2768	2849	872	853	724	612	655	637	287	317	297
CBRIG.IV.g10604.t2__CNIGO.Cnig_chr_IV.g12175.t1	930	763	774	831	796	841	789	842	857	397	491	379
CBRIG.IV.g10661.t1__CNIGO.Cnig_chr_IV.g12264.t1	787	745	801	619	514	509	359	458	407	210	190	205
CBRIG.IV.g10703.t1__CNIGO.Cnig_chr_IV.g12123.t1	336	265	319	153	172	180	322	340	339	101	175	150
CBRIG.IV.g10766.t2__CNIGO.Cnig_chr_IV.g12415.t3	381	371	469	308	367	385	454	431	360	189	170	227
CBRIG.IV.g10811.t1__CNIGO.Cnig_chr_IV.g12476.t2	1233	1246	1378	477	407	446	857	857	739	452	453	390
CBRIG.IV.g10832.t1__CNIGO.Cnig_chr_IV.g12497.t1	513	484	525	232	260	258	540	553	443	474	486	548
CBRIG.IV.g10865.t1__CNIGO.Cnig_chr_IV.g12540.t2	737	914	712	123	89	87	190	188	232	87	95	80
CBRIG.IV.g10895.t1__CNIGO.Cnig_chr_IV.g12627.t1	96	126	122	36	40	54	128	93	80	39	44	49
CBRIG.IV.g10924.t1__CNIGO.Cnig_chr_IV.g12728.t1	924	919	812	190	192	275	368	526	437	474	483	421
CBRIG.IV.g10959.t1__CNIGO.Cnig_chr_IV.g12690.t2	526	541	561	534	616	505	2406	2456	2533	272	313	289
CBRIG.IV.g10976.t1__CNIGO.Cnig_chr_IV.g12670.t1	131	130	135	152	81	161	298	307	330	114	146	126
CBRIG.IV.g11031.t1__CNIGO.Cnig_chr_IV.g12871.t1	655	667	597	330	345	353	2599	2671	2616	351	305	320
CBRIG.IV.g11051.t2__CNIGO.Cnig_chr_IV.g12878.t1	352	418	406	58	56	101	613	540	486	209	298	277
CBRIG.IV.g11139.t1__CNIGO.Cnig_chr_IV.g13012.t1	159	181	167	310	293	257	202	161	173	98	92	134
CBRIG.IV.g11213.t2__CNIGO.Cnig_chr_IV.g13102.t1	446	361	354	652	816	876	371	368	331	193	190	237
CBRIG.IV.g11223.t1__CNIGO.Cnig_chr_IV.g13112.t1	344	378	369	90	62	47	106	113	150	148	148	223
CBRIG.IV.g11256.t1__CNIGO.Cnig_chr_IV.g13153.t1	849	818	952	1357	1373	1302	814	917	803	471	405	396
CBRIG.IV.g11259.t1__CNIGO.Cnig_chr_IV.g13154.t2	1095	1109	1214	637	653	537	2498	2517	2471	2528	2259	2353
CBRIG.IV.g11331.t1__CNIGO.Cnig_chr_IV.g13238.t2	415	462	524	1706	1435	1594	813	982	900	211	185	190
CBRIG.IV.g11353.t1__CNIGO.Cnig_chr_IV.g13209.t1	188	133	151	85	53	134	2747	2450	2272	125	179	181
CBRIG.IV.g11357.t1__CNIGO.Cnig_chr_IV.g13201.t1	285	195	261	259	241	317	1196	1225	1131	132	149	151
CBRIG.IV.g11385.t1__CNIGO.Cnig_chr_IV.g13315.t1	814	825	835	879	806	856	3693	3621	3843	482	501	473
CBRIG.IV.g11406.t1__CNIGO.Cnig_chr_IV.g13336.t1	516	553	517	709	829	815	583	540	534	277	275	261
CBRIG.IV.g11414.t1__CNIGO.Cnig_chr_IV.g13345.t1	134	115	103	137	146	189	90	125	159	50	58	81
CBRIG.IV.g11432.t1__CNIGO.Cnig_chr_IV.g13362.t1	2292	2225	2178	1049	1051	1102	960	1013	997	551	473	482
CBRIG.IV.g11469.t1__CNIGO.Cnig_chr_IV.g13398.t1	464	490	435	302	282	266	432	568	478	971	1096	1196
CBRIG.IV.g11511.t1__CNIGO.Cnig_chr_IV.g13451.t1	5118	5208	4894	876	748	833	614	606	533	279	292	302
CBRIG.IV.g11522.t2__CNIGO.Cnig_chr_IV.g13459.t1	1555	1798	1770	229	259	188	395	385	426	847	863	973
CBRIG.IV.g11525.t1__CNIGO.Cnig_chr_IV.g13456.t1	2527	2847	2580	795	958	870	330	370	327	134	114	158
CBRIG.IV.g11536.t1__CNIGO.Cnig_chr_IV.g13476.t1	614	646	575	65	82	91	190	248	192	166	170	158
CBRIG.IV.g11562.t1__CNIGO.Cnig_chr_IV.g13505.t1	564	523	475	243	280	194	458	498	490	245	222	267
CBRIG.IV.g11570.t1__CNIGO.Cnig_chr_IV.g13513.t1	757	850	725	393	366	452	818	833	733	823	719	834
CBRIG.IV.g11581.t2__CNIGO.Cnig_chr_IV.g13520.t3	435	406	431	412	377	394	390	382	415	217	175	250
CBRIG.IV.g11582.t3__CNIGO.Cnig_chr_IV.g13521.t2	419	406	395	184	145	212	818	940	757	186	162	213
CBRIG.IV.g11673.t2__CNIGO.Cnig_chr_IV.g13613.t1	3671	3785	3700	1350	1463	1449	994	985	974	506	409	486
CBRIG.IV.g11680.t1__CNIGO.Cnig_chr_IV.g13621.t1	9472	9714	9768	1215	1112	1063	807	835	801	419	339	358
CBRIG.IV.g11698.t3__CNIGO.Cnig_chr_IV.g13961.t1	4305	4339	4411	561	507	563	748	814	818	1679	1730	1472
CBRIG.IV.g11709.t1__CNIGO.Cnig_chr_IV.g13949.t1	850	832	908	453	411	524	883	928	833	3210	3181	3352
CBRIG.IV.g11712.t1__CNIGO.Cnig_chr_IV.g13946.t1	462	582	449	382	410	473	230	246	228	84	121	106
CBRIG.IV.g11721.t2__CNIGO.Cnig_chr_IV.g13933.t2	722	690	647	339	384	327	605	605	609	656	579	574
CBRIG.IV.g11726.t1__CNIGO.Cnig_chr_IV.g13929.t1	141	178	160	156	208	124	698	813	765	64	53	42
CBRIG.IV.g11763.t1__CNIGO.Cnig_chr_IV.g13897.t1	204	228	244	76	28	57	128	102	126	79	64	51
CBRIG.IV.g11769.t1__CNIGO.Cnig_chr_IV.g13886.t1	402	356	481	1186	1128	1080	1964	1872	1895	220	207	212
CBRIG.IV.g11773.t1__CNIGO.Cnig_chr_IV.g13882.t1	385	421	353	219	204	235	398	320	455	608	491	598
CBRIG.IV.g11820.t1__CNIGO.Cnig_chr_IV.g13829.t1	567	649	524	300	359	343	1719	1696	1770	275	298	292
CBRIG.IV.g11823.t1__CNIGO.Cnig_chr_IV.g13826.t1	819	895	960	898	768	926	2556	2671	2771	510	484	428
CBRIG.IV.g11852.t2__CNIGO.Cnig_chr_IV.g13796.t1	2125	2214	2066	296	380	348	294	274	328	179	179	165
CBRIG.IV.g11859.t1__CNIGO.Cnig_chr_IV.g13788.t1	2045	1990	2118	261	300	208	474	520	565	292	183	251
CBRIG.IV.g11871.t1__CNIGO.Cnig_chr_IV.g13777.t1	4033	3969	4095	361	296	296	720	753	661	624	625	827
CBRIG.IV.g11873.t1__CNIGO.Cnig_chr_IV.g13775.t1	291	207	304	109	180	95	514	463	471	249	207	268
CBRIG.IV.g11927.t1__CNIGO.Cnig_chr_IV.g13715.t1	490	500	495	750	661	710	1330	1277	1262	200	144	250
CBRIG.IV.g11931.t1__CNIGO.Cnig_chr_IV.g13711.t1	455	554	483	476	468	481	954	898	1039	195	242	273
CBRIG.IV.g11954.t1__CNIGO.Cnig_chr_IV.g13688.t2	702	795	875	861	777	871	872	771	853	432	432	456
CBRIG.IV.g11955.t1__CNIGO.Cnig_chr_IV.g13687.t1	1336	1293	1278	1345	1338	1334	5019	5186	5311	659	616	568
CBRIG.IV.g11988.t1__CNIGO.Cnig_chr_IV.g13656.t2	577	453	572	141	129	183	217	315	320	279	229	266
CBRIG.IV.g11993.t1__CNIGO.Cnig_chr_IV.g13650.t1	64	68	138	61	68	79	114	163	86	292	181	211
CBRIG.IV.g12005.t2__CNIGO.Cnig_chr_IV.g13640.t1	2165	2432	2181	161	190	201	431	320	324	804	875	899
CBRIG.IV.g12023.t1__CNIGO.Cnig_chr_IV.g13977.t2	11675	12182	12109	2059	2085	2078	2035	1923	1971	1097	1033	819
CBRIG.IV.g12030.t1__CNIGO.Cnig_chr_IV.g13982.t1	645	609	649	328	346	336	639	617	676	1301	1273	1432
CBRIG.IV.g12052.t1__CNIGO.Cnig_chr_IV.g14001.t1	673	871	796	645	688	929	1639	1629	1603	352	372	328
CBRIG.IV.g12081.t2__CNIGO.Cnig_chr_IV.g14026.t1	3297	3350	3444	405	455	425	875	810	854	1712	1619	1618
CBRIG.IV.g12082.t1__CNIGO.Cnig_chr_IV.g14027.t1	213	298	250	341	421	374	804	825	731	113	158	147
CBRIG.IV.g12121.t1__CNIGO.Cnig_chr_IV.g14067.t1	970	940	913	190	238	237	519	485	545	237	314	247
CBRIG.IV.g12123.t1__CNIGO.Cnig_chr_IV.g14069.t1	3013	2932	3011	681	696	684	1516	1393	1267	1548	1424	1307
CBRIG.IV.g12141.t1__CNIGO.Cnig_chr_IV.g14090.t1	316	272	300	170	162	171	102	79	61	43	24	55
CBRIG.IV.g12154.t1__CNIGO.Cnig_chr_IV.g14102.t1	2887	2886	3093	3287	3172	3018	966	999	999	526	504	461
CBRIG.IV.g12160.t1__CNIGO.Cnig_chr_IV.g14108.t1	207	213	222	96	116	101	366	354	407	237	202	161
CBRIG.IV.g12183.t1__CNIGO.Cnig_chr_IV.g14135.t1	796	784	805	160	175	196	322	342	377	210	257	181
CBRIG.IV.g12202.t1__CNIGO.Cnig_chr_IV.g14157.t2	2257	2351	2258	296	319	347	538	605	504	283	279	315
CBRIG.IV.g12213.t2__CNIGO.Cnig_chr_IV.g14169.t1	1199	1161	1257	556	626	605	525	560	554	269	326	253
CBRIG.IV.g12217.t1__CNIGO.Cnig_chr_IV.g14176.t1	567	681	659	631	707	755	265	312	259	202	168	179
CBRIG.IV.g12228.t1__CNIGO.Cnig_chr_IV.g14185.t1	1571	1674	1527	812	828	874	491	376	536	245	231	200
CBRIG.IV.g12288.t2__CNIGO.Cnig_chr_IV.g14266.t1	4877	4944	4942	2602	2473	2282	10117	10151	9992	7449	7198	7241
CBRIG.IV.g12291.t1__CNIGO.Cnig_chr_IV.g14269.t2	1659	1503	1553	140	163	167	282	250	268	407	335	374
CBRIG.IV.g12316.t1__CNIGO.Cnig_chr_IV.g14300.t1	680	719	613	352	346	344	333	322	323	150	177	153
CBRIG.IV.g12338.t1__CNIGO.Cnig_chr_IV.g14322.t1	1769	1718	1676	447	423	445	712	608	647	256	313	298
CBRIG.IV.g12343.t2__CNIGO.Cnig_chr_IV.g14329.t1	1128	1218	1227	285	282	312	552	609	660	604	512	630
CBRIG.IV.g12361.t4__CNIGO.Cnig_chr_IV.g14350.t1	1213	1230	1292	1279	1159	1243	1311	1273	1353	701	634	632
CBRIG.IV.g12395.t1__CNIGO.Cnig_chr_IV.g14386.t1	4608	4407	4297	272	222	224	497	533	506	441	533	558
CBRIG.IV.g12407.t1__CNIGO.Cnig_chr_IV.g14397.t1	551	497	468	294	296	303	1780	1611	1554	283	261	242
CBRIG.IV.g12413.t1__CNIGO.Cnig_chr_IV.g14405.t1	358	295	304	73	77	84	211	167	149	136	69	116
CBRIG.IV.g12473.t1__CNIGO.Cnig_chr_IV.g14472.t1	226	312	305	207	253	217	294	241	281	112	123	117
CBRIG.IV.g12486.t1__CNIGO.Cnig_chr_IV.g14485.t1	322	351	407	267	278	284	165	177	197	92	83	78
CBRIG.IV.g12489.t1__CNIGO.Cnig_chr_IV.g14488.t2	393	377	376	191	199	240	854	796	858	184	218	199
CBRIG.IV.g12514.t2__CNIGO.Cnig_chr_IV.g14513.t1	286	287	296	126	147	161	767	887	771	519	505	602
CBRIG.IV.g12518.t2__CNIGO.Cnig_chr_IV.g14518.t2	2007	1955	2174	674	708	601	665	643	583	373	329	341
CBRIG.IV.g12519.t1__CNIGO.Cnig_chr_IV.g14519.t1	680	718	623	300	366	322	1431	1087	1200	1573	1634	1562
CBRIG.IV.g12521.t1__CNIGO.Cnig_chr_IV.g14521.t1	520	598	519	277	277	262	1070	997	1030	497	432	505
CBRIG.IV.g12523.t1__CNIGO.Cnig_chr_IV.g14523.t1	1446	1412	1417	472	567	399	513	465	458	223	215	202
CBRIG.IV.g12532.t1__CNIGO.Cnig_chr_IV.g14535.t1	294	286	276	80	108	77	133	141	150	458	385	365
CBRIG.IV.g12560.t1__CNIGO.Cnig_chr_IV.g14566.t1	81	92	78	42	49	62	91	91	88	71	52	72
CBRIG.IV.g12582.t1__CNIGO.Cnig_chr_IV.g14591.t1	12493	12491	12523	607	646	579	1296	1178	1140	577	684	710
CBRIG.IV.g12586.t1__CNIGO.Cnig_chr_IV.g14594.t3	389	402	458	402	482	428	844	831	844	216	193	205
CBRIG.IV.g12587.t2__CNIGO.Cnig_chr_IV.g14596.t1	6709	7135	6847	1221	1214	1115	750	621	638	326	373	332
CBRIG.IV.g12612.t4__CNIGO.Cnig_chr_IV.g14628.t1	488	543	466	792	691	754	1058	1124	1000	174	161	151
CBRIG.IV.g12642.t1__CNIGO.Cnig_chr_IV.g14668.t1	1005	1003	1015	507	456	505	972	920	971	446	467	449
CBRIG.IV.g12645.t1__CNIGO.Cnig_chr_IV.g14671.t1	268	272	296	146	139	130	1091	1035	1243	141	128	138
CBRIG.IV.g12652.t1__CNIGO.Cnig_chr_IV.g14678.t1	437	375	458	504	407	408	417	432	433	191	186	217
CBRIG.IV.g12653.t1__CNIGO.Cnig_chr_IV.g14679.t1	2091	2018	2070	199	262	201	508	489	483	1131	1250	1141
CBRIG.IV.g12660.t1__CNIGO.Cnig_chr_IV.g14686.t2	897	855	840	496	413	440	2782	2937	2836	1351	1354	1323
CBRIG.IV.g12707.t1__CNIGO.Cnig_chr_IV.g14734.t1	3101	3192	3205	250	217	304	492	452	552	249	248	317
CBRIG.IV.g12729.t1__CNIGO.Cnig_chr_IV.g14756.t1	311	216	213	337	363	311	187	210	248	138	126	112
CBRIG.IV.g12765.t1__CNIGO.Cnig_chr_IV.g14809.t1	461	502	502	980	901	846	2775	2632	2442	246	238	169
CBRIG.IV.g12779.t1__CNIGO.Cnig_chr_IV.g14827.t1	454	455	478	213	266	234	3335	3421	3533	397	427	397
CBRIG.IV.g12782.t1__CNIGO.Cnig_chr_IV.g14830.t1	550	474	584	454	379	344	253	307	278	176	113	98
CBRIG.IV.g12783.t1__CNIGO.Cnig_chr_IV.g14831.t1	997	1106	1108	311	257	332	543	591	533	288	282	353
CBRIG.IV.g12796.t1__CNIGO.Cnig_chr_IV.g14843.t1	185	169	185	80	111	80	136	114	109	258	237	252
CBRIG.IV.g12799.t1__CNIGO.Cnig_chr_IV.g14846.t1	191	210	242	194	212	219	1668	1624	1474	89	101	151
CBRIG.IV.g12879.t1__CNIGO.Cnig_chr_IV.g14941.t1	1197	1274	1151	280	324	289	652	608	534	842	831	805
CBRIG.IV.g12882.t2__CNIGO.Cnig_chr_IV.g14937.t2	552	505	522	262	302	239	210	276	264	143	115	127
CBRIG.IV.g12893.t1__CNIGO.Cnig_chr_IV.g14926.t2	536	492	469	235	270	267	496	504	477	751	735	627
CBRIG.IV.g12902.t1__CNIGO.Cnig_chr_IV.g14915.t1	650	645	682	351	312	422	1227	1111	1292	261	270	357
CBRIG.IV.g12934.t1__CNIGO.Cnig_chr_IV.g15005.t1	705	659	653	1197	1003	1064	648	632	739	308	312	306
CBRIG.IV.g12962.t1__CNIGO.Cnig_chr_IV.g15025.t1	728	700	845	402	274	366	347	367	374	216	200	157
CBRIG.IV.g12994.t2__CNIGO.Cnig_chr_IV.g16156.t1	190	193	179	97	108	74	1005	874	990	66	94	83
CBRIG.IV.g13001.t1__CNIGO.Cnig_chr_IV.g16164.t1	523	447	432	242	246	245	97	91	93	20	46	39
CBRIG.IV.g13063.t1__CNIGO.Cnig_chr_IV.g15100.t1	1747	1554	1856	953	930	859	6244	6461	6349	2104	2122	2032
CBRIG.IV.g13064.t1__CNIGO.Cnig_chr_IV.g15101.t1	305	258	302	140	171	108	1335	1437	1351	177	128	149
CBRIG.IV.g13105.t1__CNIGO.Cnig_chr_IV.g15145.t1	1027	1131	1012	124	141	143	257	284	277	249	283	282
CBRIG.IV.g13115.t1__CNIGO.Cnig_chr_IV.g15156.t1	259	210	260	112	139	121	1267	1376	1312	223	176	228
CBRIG.IV.g13152.t1__CNIGO.Cnig_chr_IV.g15187.t1	551	500	586	41	26	39	141	132	120	40	55	74
CBRIG.IV.g13276.t1__CNIGO.Cnig_chr_IV.g15352.t1	194	186	181	248	244	283	173	179	223	89	99	124
CBRIG.IV.g13305.t1__CNIGO.Cnig_chr_IV.g15415.t2	142	128	142	75	100	90	117	164	150	186	177	213
CBRIG.IV.g13326.t1__CNIGO.Cnig_chr_IV.g15419.t1	331	282	354	19	31	38	84	94	81	31	58	46
CBRIG.IV.g13333.t1__CNIGO.Cnig_chr_IV.g15448.t1	174	191	159	79	61	67	201	159	193	63	86	68
CBRIG.IV.g13342.t1__CNIGO.Cnig_chr_IV.g15471.t2	1165	1148	1147	552	638	609	1432	1437	1343	1337	1178	1326
CBRIG.IV.g13346.t1__CNIGO.Cnig_chr_IV.g15475.t2	1863	1925	2069	296	335	355	630	745	665	350	354	330
CBRIG.IV.g13411.t1__CNIGO.Cnig_chr_IV.g15673.t1	169	204	244	84	77	76	489	481	456	174	164	148
CBRIG.IV.g13414.t1__CNIGO.Cnig_chr_IV.g15677.t1	732	756	715	232	283	240	311	251	222	141	99	92
CBRIG.IV.g13464.t1__CNIGO.Cnig_chr_IV.g15726.t2	3424	3226	3393	267	278	222	506	492	414	544	508	603
CBRIG.IV.g13481.t2__CNIGO.Cnig_chr_IV.g15753.t1	240	258	218	169	130	109	139	200	172	617	604	549
CBRIG.IV.g13495.t1__CNIGO.Cnig_chr_IV.g15793.t1	215	262	291	139	116	93	248	207	251	294	309	253
CBRIG.IV.g13501.t1__CNIGO.Cnig_chr_IV.g15800.t1	253	223	247	48	57	44	233	266	231	123	103	117
CBRIG.IV.g13537.t1__CNIGO.Cnig_chr_IV.g15838.t2	748	895	765	130	138	139	280	305	238	310	299	269
CBRIG.IV.g13542.t1__CNIGO.Cnig_chr_IV.g15835.t1	166	185	206	144	187	171	155	192	179	90	95	53
CBRIG.IV.g13578.t1__CNIGO.Cnig_chr_IV.g15897.t1	224	241	192	302	288	256	432	348	348	85	89	89
CBRIG.IV.g13587.t3__CNIGO.Cnig_chr_IV.g15904.t1	581	613	583	307	259	315	2158	1997	2161	339	372	349
CBRIG.IV.g13601.t1__CNIGO.Cnig_chr_IV.g15892.t1	634	640	776	558	623	638	1478	1520	1355	330	346	314
CBRIG.IV.g13627.t1__CNIGO.Cnig_chr_IV.g15971.t1	287	356	406	137	163	143	6899	6659	6600	860	823	752
CBRIG.IV.g13664.t1__CNIGO.Cnig_chr_IV.g16011.t1	312	254	262	160	166	156	2299	2535	2442	158	159	135
CBRIG.IV.g13683.t1__CNIGO.Cnig_chr_IV.g15993.t1	159	138	172	171	136	134	695	699	576	114	137	116
CBRIG.IV.g13693.t1__CNIGO.Cnig_chr_IV.g16029.t1	446	428	457	245	259	240	448	459	495	924	895	819
CBRIG.IV.g13732.t1__CNIGO.Cnig_chr_IV.g16112.t3	457	470	501	298	253	288	913	887	1024	209	261	234
CBRIG.IV.g13738.t1__CNIGO.Cnig_chr_IV.g16119.t3	478	490	499	190	243	225	911	942	897	751	692	684
CBRIG.IV.g13766.t3__CNIGO.Cnig_chr_IV.g16273.t1	323	337	407	1205	1209	1127	757	745	653	169	193	152
CBRIG.IV.g13798.t1__CNIGO.Cnig_chr_IV.g16244.t2	241	273	293	135	130	129	135	122	134	134	104	143
CBRIG.IV.g13810.t1__CNIGO.Cnig_chr_IV.g16232.t1	965	892	813	240	160	209	563	481	582	596	621	632
CBRIG.IV.g13814.t3__CNIGO.Cnig_chr_IV.g16222.t4	573	536	507	248	276	222	648	600	618	305	334	357
CBRIG.IV.g13844.t1__CNIGO.Cnig_chr_IV.g16196.t1	486	380	495	194	224	210	442	415	426	230	240	241
CBRIG.IV.g13848.t2__CNIGO.Cnig_chr_IV.g16191.t1	596	625	516	333	333	335	1067	1136	1240	835	814	789
CBRIG.IV.g13849.t1__CNIGO.Cnig_chr_IV.g16190.t1	692	871	746	380	434	443	1534	1566	1453	1166	1341	1200
CBRIG.V.g13867.t1__CNIGO.Cnig_chr_V.g16301.t1	122	96	89	35	39	63	173	199	178	43	42	37
CBRIG.V.g13868.t1__CNIGO.Cnig_chr_V.g16302.t1	60	72	108	53	41	24	68	114	109	27	47	37
CBRIG.V.g13921.t1__CNIGO.Cnig_chr_V.g16360.t1	1474	1390	1481	366	345	360	734	700	680	756	622	696
CBRIG.V.g13959.t1__CNIGO.Cnig_chr_V.g16413.t1	514	569	584	124	140	107	427	404	357	177	179	240
CBRIG.V.g13960.t1__CNIGO.Cnig_chr_V.g16414.t1	1114	1136	1073	257	261	337	570	529	521	288	351	331
CBRIG.V.g13983.t2__CNIGO.Cnig_chr_V.g16443.t2	749	570	734	332	345	363	4489	4496	4371	366	434	309
CBRIG.V.g13994.t2__CNIGO.Cnig_chr_V.g16475.t1	1319	1273	1494	214	132	152	355	322	382	287	361	329
CBRIG.V.g13998.t1__CNIGO.Cnig_chr_V.g16479.t1	832	665	645	68	110	69	205	173	166	162	146	161
CBRIG.V.g14018.t1__CNIGO.Cnig_chr_V.g16502.t2	135	144	162	151	152	134	622	627	589	51	112	99
CBRIG.V.g14025.t1__CNIGO.Cnig_chr_V.g16512.t1	917	746	830	219	245	213	355	253	299	203	151	202
CBRIG.V.g14035.t1__CNIGO.Cnig_chr_V.g16522.t1	396	444	412	366	426	402	2083	2174	2117	207	205	202
CBRIG.V.g14085.t3__CNIGO.Cnig_chr_V.g16593.t2	713	706	596	1389	1402	1263	1804	1762	1859	320	343	369
CBRIG.V.g14094.t1__CNIGO.Cnig_chr_V.g16603.t1	822	807	878	108	116	114	197	224	247	123	128	83
CBRIG.V.g14100.t1__CNIGO.Cnig_chr_V.g16610.t1	431	519	472	66	64	124	151	165	157	312	334	385
CBRIG.V.g14125.t1__CNIGO.Cnig_chr_V.g16647.t2	304	252	307	144	132	166	713	624	623	470	513	454
CBRIG.V.g14140.t2__CNIGO.Cnig_chr_V.g16668.t1	438	417	350	240	148	166	1146	1301	1078	407	312	323
CBRIG.V.g14149.t1__CNIGO.Cnig_chr_V.g16757.t1	336	427	381	130	71	101	134	156	181	96	111	91
CBRIG.V.g14156.t1__CNIGO.Cnig_chr_V.g16752.t1	513	557	444	1700	1579	1575	860	932	854	163	275	205
CBRIG.V.g14164.t1__CNIGO.Cnig_chr_V.g16744.t1	1060	1132	1122	1721	1561	1669	1192	1140	1151	456	576	638
CBRIG.V.g14167.t1__CNIGO.Cnig_chr_V.g16741.t2	938	849	901	178	192	217	456	480	479	248	167	233
CBRIG.V.g14196.t1__CNIGO.Cnig_chr_V.g16706.t1	2905	2607	2764	310	405	325	653	673	654	362	264	334
CBRIG.V.g14228.t3__CNIGO.Cnig_chr_V.g16822.t4	7069	7104	7289	1568	1329	1418	1294	1241	1305	686	794	634
CBRIG.V.g14260.t1__CNIGO.Cnig_chr_V.g16867.t2	1379	1292	1486	213	279	220	477	472	508	623	468	425
CBRIG.V.g14273.t1__CNIGO.Cnig_chr_V.g16882.t1	784	733	733	150	174	160	343	403	429	363	356	379
CBRIG.V.g14342.t1__CNIGO.Cnig_chr_V.g16953.t1	275	214	236	116	156	96	590	628	660	79	116	65
CBRIG.V.g14344.t2__CNIGO.Cnig_chr_V.g16952.t2	485	411	433	854	990	822	1572	1677	1576	137	118	120
CBRIG.V.g14349.t1__CNIGO.Cnig_chr_V.g16948.t1	219	287	235	230	271	229	887	963	846	82	92	127
CBRIG.V.g14376.t1__CNIGO.Cnig_chr_V.g16984.t2	246	214	182	146	183	82	4231	4084	4279	281	246	262
CBRIG.V.g14377.t1__CNIGO.Cnig_chr_V.g16986.t1	592	764	566	311	291	303	2546	2428	2552	1490	1534	1618
CBRIG.V.g14400.t2__CNIGO.Cnig_chr_V.g17154.t1	364	403	321	179	171	154	210	186	234	60	112	95
CBRIG.V.g14409.t1__CNIGO.Cnig_chr_V.g17015.t1	209	218	273	330	298	387	689	679	644	121	137	93
CBRIG.V.g14460.t1__CNIGO.Cnig_chr_V.g17067.t1	1929	2106	2016	764	799	827	330	371	465	167	211	142
CBRIG.V.g14484.t2__CNIGO.Cnig_chr_V.g17089.t3	883	928	763	443	434	374	1022	1039	1101	316	296	251
CBRIG.V.g14509.t1__CNIGO.Cnig_chr_V.g17119.t1	862	917	891	450	487	404	4702	4652	4925	2862	2960	2932
CBRIG.V.g14512.t1__CNIGO.Cnig_chr_V.g17177.t1	351	305	374	183	157	154	697	749	740	183	156	197
CBRIG.V.g14525.t3__CNIGO.Cnig_chr_V.g17188.t1	376	338	351	221	174	199	782	638	689	438	423	422
CBRIG.V.g14533.t1__CNIGO.Cnig_chr_V.g17140.t1	550	618	678	110	143	144	178	261	230	122	93	86
CBRIG.V.g14539.t1__CNIGO.Cnig_chr_V.g17156.t1	443	378	299	179	186	299	286	342	301	622	614	656
CBRIG.V.g14557.t1__CNIGO.Cnig_chr_V.g17127.t3	357	365	387	226	243	188	769	789	529	162	189	188
CBRIG.V.g14562.t1__CNIGO.Cnig_chr_V.g17121.t1	622	646	684	323	339	346	709	777	699	1062	1017	1130
CBRIG.V.g14570.t3__CNIGO.Cnig_chr_V.g17202.t1	849	968	851	253	270	249	302	396	394	458	400	343
CBRIG.V.g14593.t1__CNIGO.Cnig_chr_V.g17245.t2	2961	3053	3109	457	496	448	1795	1692	1654	2480	2268	2600
CBRIG.V.g14603.t1__CNIGO.Cnig_chr_V.g17330.t1	925	879	901	267	214	228	596	563	541	2144	2016	2134
CBRIG.V.g14632.t1__CNIGO.Cnig_chr_V.g17298.t1	187	209	225	77	132	129	671	728	734	555	562	544
CBRIG.V.g14702.t1__CNIGO.Cnig_chr_V.g17390.t1	454	413	434	116	132	134	429	346	380	197	171	219
CBRIG.V.g14704.t1__CNIGO.Cnig_chr_V.g17393.t1	2799	2648	2818	850	865	880	602	499	527	258	385	338
CBRIG.V.g14707.t2__CNIGO.Cnig_chr_V.g17397.t1	2298	2132	2110	360	323	339	540	434	393	239	259	337
CBRIG.V.g14730.t1__CNIGO.Cnig_chr_V.g17421.t1	511	523	532	284	233	174	406	379	333	792	649	852
CBRIG.V.g14747.t2__CNIGO.Cnig_chr_V.g17535.t1	494	459	497	253	205	281	194	227	202	124	131	82
CBRIG.V.g14766.t1__CNIGO.Cnig_chr_V.g17444.t1	565	471	528	317	277	250	244	300	230	140	129	122
CBRIG.V.g14791.t1__CNIGO.Cnig_chr_V.g17521.t2	665	670	598	356	321	316	499	562	517	261	305	276
CBRIG.V.g14849.t1__CNIGO.Cnig_chr_V.g17616.t1	669	613	728	544	504	390	279	290	309	129	192	150
CBRIG.V.g14887.t2__CNIGO.Cnig_chr_V.g17692.t2	492	460	442	216	274	252	511	569	504	334	442	381
CBRIG.V.g14933.t1__CNIGO.Cnig_chr_V.g17758.t1	1445	1399	1413	284	268	246	497	433	496	272	257	237
CBRIG.V.g14958.t1__CNIGO.Cnig_chr_V.g17794.t1	1012	1016	1037	191	176	180	498	397	448	482	442	398
CBRIG.V.g14999.t1__CNIGO.Cnig_chr_V.g17846.t1	482	553	557	236	268	287	3162	3222	2856	1603	1550	1531
CBRIG.V.g15002.t1__CNIGO.Cnig_chr_V.g17849.t1	345	360	348	351	364	309	853	855	757	175	271	195
CBRIG.V.g15057.t1__CNIGO.Cnig_chr_V.g17907.t1	603	494	635	215	203	200	264	261	248	141	99	178
CBRIG.V.g15074.t1__CNIGO.Cnig_chr_V.g17932.t3	252	217	251	145	104	153	214	299	253	518	497	516
CBRIG.V.g15131.t1__CNIGO.Cnig_chr_V.g17996.t1	707	871	740	423	354	387	4885	4924	4882	367	327	355
CBRIG.V.g15135.t1__CNIGO.Cnig_chr_V.g17998.t3	2873	2825	2796	767	902	846	463	511	496	267	230	297
CBRIG.V.g15154.t2__CNIGO.Cnig_chr_V.g18026.t2	226	314	230	98	119	137	506	482	549	296	307	262
CBRIG.V.g15155.t2__CNIGO.Cnig_chr_V.g18027.t1	1777	1805	1795	231	171	182	449	437	391	463	476	462
CBRIG.V.g15243.t1__CNIGO.Cnig_chr_V.g18118.t2	349	392	437	346	430	320	1345	1487	1463	245	209	211
CBRIG.V.g15253.t1__CNIGO.Cnig_chr_V.g18134.t1	3486	3352	3470	251	253	218	421	502	537	297	202	264
CBRIG.V.g15309.t1__CNIGO.Cnig_chr_V.g18193.t1	168	152	160	309	263	254	360	362	317	184	200	161
CBRIG.V.g15333.t1__CNIGO.Cnig_chr_V.g18228.t1	2007	1978	1872	662	753	805	300	373	401	136	193	170
CBRIG.V.g15339.t1__CNIGO.Cnig_chr_V.g18230.t1	303	334	305	210	166	175	230	294	302	137	173	107
CBRIG.V.g15358.t1__CNIGO.Cnig_chr_V.g18247.t2	259	243	219	314	358	371	1446	1486	1545	121	146	152
CBRIG.V.g15382.t1__CNIGO.Cnig_chr_V.g18312.t1	2319	2534	2563	214	257	223	435	427	442	443	459	437
CBRIG.V.g15384.t3__CNIGO.Cnig_chr_V.g18314.t1	727	744	705	359	355	329	633	572	601	983	897	1031
CBRIG.V.g15391.t1__CNIGO.Cnig_chr_V.g18321.t1	408	375	408	222	230	214	1261	1261	1192	389	410	433
CBRIG.V.g15418.t1__CNIGO.Cnig_chr_V.g18354.t1	508	390	490	277	252	217	1684	1738	1743	264	185	205
CBRIG.V.g15423.t1__CNIGO.Cnig_chr_V.g18359.t1	463	409	427	1065	1166	1035	944	949	1016	269	221	246
CBRIG.V.g15437.t1__CNIGO.Cnig_chr_V.g18384.t2	1479	1405	1345	246	262	246	383	477	447	201	205	199
CBRIG.V.g15465.t1__CNIGO.Cnig_chr_V.g18415.t1	2882	2913	3012	445	460	433	388	440	437	254	224	200
CBRIG.V.g15480.t1__CNIGO.Cnig_chr_V.g18434.t1	194	185	213	107	139	65	733	887	734	90	129	118
CBRIG.V.g15498.t1__CNIGO.Cnig_chr_V.g18454.t1	461	453	474	52	52	33	82	90	73	216	198	168
CBRIG.V.g15538.t2__CNIGO.Cnig_chr_V.g18483.t3	1729	1770	2083	342	241	285	635	614	567	337	310	274
CBRIG.V.g15548.t2__CNIGO.Cnig_chr_V.g18492.t1	464	442	542	190	227	288	2083	2087	2019	269	254	255
CBRIG.V.g15563.t1__CNIGO.Cnig_chr_V.g18508.t1	814	756	719	138	123	120	274	291	221	118	94	136
CBRIG.V.g15600.t3__CNIGO.Cnig_chr_V.g18542.t1	497	591	573	374	351	274	3157	2904	2916	295	320	277
CBRIG.V.g15601.t1__CNIGO.Cnig_chr_V.g18543.t1	1200	1171	1312	235	160	180	381	479	390	478	364	383
CBRIG.V.g15623.t1__CNIGO.Cnig_chr_V.g18566.t1	1143	1176	1071	268	323	358	509	542	572	217	268	301
CBRIG.V.g15675.t1__CNIGO.Cnig_chr_V.g18630.t1	150	130	194	236	203	202	894	901	941	72	111	107
CBRIG.V.g15693.t1__CNIGO.Cnig_chr_V.g18649.t1	1718	1658	1688	196	185	199	248	287	266	169	147	184
CBRIG.V.g15698.t4__CNIGO.Cnig_chr_V.g18654.t3	1680	1805	1810	1809	1706	1861	2343	2485	2311	566	577	568
CBRIG.V.g15748.t1__CNIGO.Cnig_chr_V.g18696.t2	1590	1586	1463	148	186	138	339	403	318	326	332	290
CBRIG.V.g15775.t1__CNIGO.Cnig_chr_V.g18723.t1	101	76	110	107	115	94	166	118	132	79	80	69
CBRIG.V.g15776.t1__CNIGO.Cnig_chr_V.g18724.t1	413	480	429	203	182	228	945	1035	919	682	672	676
CBRIG.V.g15793.t1__CNIGO.Cnig_chr_V.g18752.t1	294	335	318	162	154	193	282	255	318	122	146	165
CBRIG.V.g15806.t1__CNIGO.Cnig_chr_V.g18763.t2	389	306	387	1094	1159	1000	355	319	411	209	193	188
CBRIG.V.g15823.t2__CNIGO.Cnig_chr_V.g18778.t1	733	740	624	264	245	235	165	132	169	78	55	80
CBRIG.V.g15824.t1__CNIGO.Cnig_chr_V.g18782.t1	3119	3096	3114	371	416	380	767	747	834	385	393	387
CBRIG.V.g15827.t1__CNIGO.Cnig_chr_V.g18785.t1	95	110	103	66	59	47	318	352	321	51	57	23
CBRIG.V.g15859.t1__CNIGO.Cnig_chr_V.g18814.t1	1257	1327	1211	421	302	329	254	182	197	79	116	126
CBRIG.V.g15887.t1__CNIGO.Cnig_chr_V.g18833.t1	470	368	373	594	628	602	1202	1116	1266	185	196	216
CBRIG.V.g15902.t3__CNIGO.Cnig_chr_V.g18847.t1	6504	6389	6518	423	588	544	1009	1134	1183	1102	1169	1167
CBRIG.V.g15927.t1__CNIGO.Cnig_chr_V.g18879.t1	901	1023	942	145	113	176	434	385	416	198	208	149
CBRIG.V.g15928.t1__CNIGO.Cnig_chr_V.g18880.t1	394	368	381	417	420	402	357	364	370	179	169	154
CBRIG.V.g15931.t3__CNIGO.Cnig_chr_V.g18886.t1	565	662	641	72	82	36	107	72	130	34	47	33
CBRIG.V.g15968.t1__CNIGO.Cnig_chr_V.g18924.t1	524	546	512	229	228	225	550	630	582	295	346	353
CBRIG.V.g15985.t1__CNIGO.Cnig_chr_V.g18943.t2	130	158	151	109	108	126	191	310	280	53	67	91
CBRIG.V.g15986.t2__CNIGO.Cnig_chr_V.g18944.t1	304	371	356	216	203	137	1832	1773	1905	424	327	348
CBRIG.V.g16004.t1__CNIGO.Cnig_chr_V.g18964.t1	197	200	265	101	68	91	468	480	467	198	194	213
CBRIG.V.g16005.t2__CNIGO.Cnig_chr_V.g18965.t2	107	137	156	63	54	67	346	355	307	49	26	53
CBRIG.V.g16044.t1__CNIGO.Cnig_chr_V.g19013.t1	358	391	313	132	180	168	271	313	272	109	104	160
CBRIG.V.g16050.t1__CNIGO.Cnig_chr_V.g19020.t1	400	300	357	1218	1241	1175	1179	1164	1187	220	152	204
CBRIG.V.g16082.t1__CNIGO.Cnig_chr_V.g19067.t1	276	284	271	324	279	272	768	911	919	135	199	132
CBRIG.V.g16090.t1__CNIGO.Cnig_chr_V.g19076.t1	167	193	189	104	113	62	406	407	360	320	264	276
CBRIG.V.g16095.t1__CNIGO.Cnig_chr_V.g19082.t1	2217	2057	2275	199	286	245	240	253	218	130	82	94
CBRIG.V.g16096.t1__CNIGO.Cnig_chr_V.g19083.t1	527	475	553	263	307	283	3046	3164	3115	264	253	236
CBRIG.V.g16098.t2__CNIGO.Cnig_chr_V.g19085.t3	1517	1264	1458	4467	4362	4437	1362	1275	1368	638	690	673
CBRIG.V.g16112.t1__CNIGO.Cnig_chr_V.g19098.t2	377	362	385	353	327	344	864	824	935	252	218	275
CBRIG.V.g16120.t1__CNIGO.Cnig_chr_V.g19108.t2	940	886	1063	498	442	566	4394	4456	4307	673	742	750
CBRIG.V.g16173.t1__CNIGO.Cnig_chr_V.g19168.t1	661	616	778	312	388	375	379	341	316	162	206	211
CBRIG.V.g16174.t1__CNIGO.Cnig_chr_V.g19169.t3	625	580	570	232	286	410	974	1060	1048	324	245	318
CBRIG.V.g16244.t1__CNIGO.Cnig_chr_V.g19254.t2	366	411	387	187	200	254	367	366	387	488	495	567
CBRIG.V.g16252.t1__CNIGO.Cnig_chr_V.g19261.t1	536	507	463	584	549	516	490	487	518	279	302	242
CBRIG.V.g16261.t1__CNIGO.Cnig_chr_V.g19273.t1	137	170	131	75	92	66	629	626	571	208	221	261
CBRIG.V.g16263.t1__CNIGO.Cnig_chr_V.g19274.t5	648	586	558	279	209	276	790	730	753	779	666	823
CBRIG.V.g16293.t1__CNIGO.Cnig_chr_V.g19304.t1	1012	1133	926	176	179	146	358	318	329	962	960	950
CBRIG.V.g16295.t2__CNIGO.Cnig_chr_V.g19306.t3	661	573	641	308	291	269	2413	2507	2482	340	315	286
CBRIG.V.g16304.t1__CNIGO.Cnig_chr_V.g19316.t1	224	166	230	104	118	122	475	371	412	98	121	148
CBRIG.V.g16338.t1__CNIGO.Cnig_chr_V.g19346.t1	2030	2035	2211	386	342	383	403	377	404	153	201	209
CBRIG.V.g16341.t1__CNIGO.Cnig_chr_V.g19354.t4	2090	1931	2264	3096	3219	3225	2152	2100	2063	1065	1113	1005
CBRIG.V.g16406.t4__CNIGO.Cnig_chr_V.g19426.t3	3518	3284	3440	335	343	306	710	708	658	304	452	417
CBRIG.V.g16488.t1__CNIGO.Cnig_chr_V.g19518.t1	104	98	87	55	47	65	55	121	69	45	48	56
CBRIG.V.g16491.t1__CNIGO.Cnig_chr_V.g19521.t1	505	526	521	323	355	350	169	174	161	74	74	55
CBRIG.V.g16517.t1__CNIGO.Cnig_chr_V.g19553.t2	468	463	487	236	239	244	466	510	370	1524	1472	1519
CBRIG.V.g16551.t1__CNIGO.Cnig_chr_V.g19585.t1	2038	2195	1900	256	252	230	456	461	535	781	681	639
CBRIG.V.g16563.t3__CNIGO.Cnig_chr_V.g19599.t1	1350	1354	1537	1359	1304	1357	4134	4169	4031	691	654	693
CBRIG.V.g16565.t1__CNIGO.Cnig_chr_V.g19601.t1	1126	1176	1206	227	250	203	414	437	403	400	399	357
CBRIG.V.g16622.t1__CNIGO.Cnig_chr_V.g19660.t1	1294	1304	1343	396	458	462	391	453	501	234	214	243
CBRIG.V.g16624.t2__CNIGO.Cnig_chr_V.g19665.t1	2589	2558	2424	359	407	403	922	832	1038	2207	2143	2271
CBRIG.V.g16629.t1__CNIGO.Cnig_chr_V.g19668.t1	162	169	116	166	203	134	474	533	501	94	73	76
CBRIG.V.g16688.t1__CNIGO.Cnig_chr_V.g19706.t1	7420	8031	7801	1492	1546	1453	1426	1444	1524	589	686	779
CBRIG.V.g16691.t1__CNIGO.Cnig_chr_V.g19709.t2	4068	3998	3821	702	645	649	1136	1310	1286	618	595	694
CBRIG.V.g16715.t2__CNIGO.Cnig_chr_V.g19734.t2	1985	2154	1925	697	821	739	626	587	597	270	323	296
CBRIG.V.g16722.t2__CNIGO.Cnig_chr_V.g19748.t2	1219	1265	1184	4242	4367	4018	1161	1145	1224	620	589	589
CBRIG.V.g16743.t1__CNIGO.Cnig_chr_V.g19772.t1	361	414	386	99	82	68	188	204	212	92	76	111
CBRIG.V.g16750.t1__CNIGO.Cnig_chr_V.g19778.t1	635	730	686	637	687	534	1078	1238	1227	194	210	180
CBRIG.V.g16759.t1__CNIGO.Cnig_chr_V.g19791.t1	2219	2122	2167	652	627	629	330	363	363	156	178	185
CBRIG.V.g16775.t1__CNIGO.Cnig_chr_V.g19807.t1	438	425	409	642	792	719	1045	1118	1118	134	90	165
CBRIG.V.g16785.t1__CNIGO.Cnig_chr_V.g19818.t1	75	74	69	49	30	37	601	649	673	26	22	31
CBRIG.V.g16817.t1__CNIGO.Cnig_chr_V.g19851.t1	818	628	774	104	109	192	176	225	249	130	102	129
CBRIG.V.g16839.t1__CNIGO.Cnig_chr_V.g19873.t1	158	136	218	91	95	84	559	535	675	58	72	117
CBRIG.V.g16853.t1__CNIGO.Cnig_chr_V.g19892.t1	1098	1098	1186	156	135	119	161	189	199	121	73	77
CBRIG.V.g16862.t1__CNIGO.Cnig_chr_V.g19900.t1	336	321	337	162	146	135	383	356	327	505	534	556
CBRIG.V.g16870.t1__CNIGO.Cnig_chr_V.g19905.t1	859	1024	946	246	242	296	496	447	483	512	473	484
CBRIG.V.g16902.t1__CNIGO.Cnig_chr_V.g19938.t2	283	314	239	117	110	121	982	1016	1123	257	283	219
CBRIG.V.g16914.t1__CNIGO.Cnig_chr_V.g19950.t1	3121	3088	3191	1378	1434	1411	423	376	348	186	211	206
CBRIG.V.g16922.t1__CNIGO.Cnig_chr_V.g19963.t1	2247	2263	2299	1126	1119	1271	367	506	419	220	170	212
CBRIG.V.g16937.t1__CNIGO.Cnig_chr_V.g19979.t1	177	173	157	70	85	77	659	633	670	309	357	276
CBRIG.V.g16938.t1__CNIGO.Cnig_chr_V.g19980.t1	3857	3631	3797	519	554	638	552	524	537	221	290	224
CBRIG.V.g17015.t1__CNIGO.Cnig_chr_V.g20057.t3	563	519	525	198	165	101	700	704	660	368	330	377
CBRIG.V.g17034.t1__CNIGO.Cnig_chr_V.g20072.t2	609	571	665	306	304	324	641	585	674	713	626	686
CBRIG.V.g17041.t1__CNIGO.Cnig_chr_V.g20078.t1	167	110	151	188	134	197	930	909	954	99	79	102
CBRIG.V.g17048.t1__CNIGO.Cnig_chr_V.g20083.t1	105	123	113	32	67	69	1162	1050	1001	70	76	45
CBRIG.V.g17053.t1__CNIGO.Cnig_chr_V.g20089.t1	140	172	174	315	239	197	477	564	497	80	69	63
CBRIG.V.g17078.t1__CNIGO.Cnig_chr_V.g20118.t2	285	328	252	299	347	312	1309	1468	1312	151	153	142
CBRIG.V.g17102.t1__CNIGO.Cnig_chr_V.g20145.t1	485	535	587	1894	1846	1888	498	481	566	245	298	311
CBRIG.V.g17121.t1__CNIGO.Cnig_chr_V.g20169.t2	199	192	211	83	88	104	266	196	224	189	206	228
CBRIG.V.g17151.t1__CNIGO.Cnig_chr_V.g20218.t1	3820	4093	4073	558	607	590	545	657	554	269	336	225
CBRIG.V.g17171.t1__CNIGO.Cnig_chr_V.g20237.t1	145	87	114	226	214	229	252	162	247	42	63	56
CBRIG.V.g17179.t1__CNIGO.Cnig_chr_V.g20245.t1	1447	1427	1429	100	148	129	81	108	99	101	108	109
CBRIG.V.g17185.t1__CNIGO.Cnig_chr_V.g20252.t1	1091	1123	958	92	126	114	255	243	269	424	384	286
CBRIG.V.g17188.t1__CNIGO.Cnig_chr_V.g20255.t1	768	826	809	204	194	198	421	426	427	579	622	816
CBRIG.V.g17220.t1__CNIGO.Cnig_chr_V.g20288.t1	403	423	357	208	176	162	387	352	324	209	197	183
CBRIG.V.g17221.t1__CNIGO.Cnig_chr_V.g20289.t1	713	888	909	117	134	130	248	205	155	870	884	815
CBRIG.V.g17234.t1__CNIGO.Cnig_chr_V.g20303.t1	1605	1496	1695	236	231	177	371	449	457	651	665	648
CBRIG.V.g17352.t2__CNIGO.Cnig_chr_V.g20431.t1	923	846	789	368	405	385	818	857	835	391	406	429
CBRIG.V.g17392.t1__CNIGO.Cnig_chr_V.g20481.t2	458	534	462	224	236	264	5809	5358	5452	1752	1839	1884
CBRIG.V.g17399.t1__CNIGO.Cnig_chr_V.g20487.t1	374	386	437	550	585	661	364	354	340	259	170	194
CBRIG.V.g17426.t1__CNIGO.Cnig_chr_V.g20521.t1	567	490	617	852	854	808	2745	2760	2676	307	238	308
CBRIG.V.g17430.t1__CNIGO.Cnig_chr_V.g20526.t1	294	266	308	139	122	139	968	925	838	183	154	166
CBRIG.V.g17436.t1__CNIGO.Cnig_chr_V.g20533.t1	90	141	107	55	36	76	377	327	285	122	108	109
CBRIG.V.g17504.t1__CNIGO.Cnig_chr_V.g20622.t1	208	204	189	92	119	75	123	88	86	35	38	43
CBRIG.V.g17508.t1__CNIGO.Cnig_chr_V.g20626.t1	375	371	356	208	231	190	1240	1232	1229	202	229	244
CBRIG.V.g17526.t1__CNIGO.Cnig_chr_V.g20643.t2	456	354	351	434	358	350	1213	1372	1303	239	215	196
CBRIG.V.g17545.t1__CNIGO.Cnig_chr_V.g20674.t1	232	165	204	136	109	83	911	809	888	314	269	282
CBRIG.V.g17556.t1__CNIGO.Cnig_chr_V.g20685.t1	380	458	348	570	667	605	4067	4057	4042	146	204	189
CBRIG.V.g17565.t1__CNIGO.Cnig_chr_V.g20697.t1	456	495	485	95	87	65	160	144	191	66	87	104
CBRIG.V.g17605.t1__CNIGO.Cnig_chr_V.g20740.t2	2126	2273	2392	1158	1151	1214	1151	1161	1129	528	564	657
CBRIG.V.g17630.t1__CNIGO.Cnig_chr_V.g20776.t1	195	230	204	50	58	60	94	101	111	110	80	114
CBRIG.V.g17636.t1__CNIGO.Cnig_chr_V.g20784.t1	129	101	119	52	62	57	127	164	99	52	57	76
CBRIG.V.g17649.t2__CNIGO.Cnig_chr_V.g20795.t2	1661	1622	1643	175	152	202	420	449	478	193	190	191
CBRIG.V.g17676.t1__CNIGO.Cnig_chr_V.g20844.t2	211	229	224	293	216	220	1072	1054	1049	291	267	277
CBRIG.V.g17688.t1__CNIGO.Cnig_chr_V.g20862.t1	657	609	739	830	863	1049	2688	2593	2526	287	308	340
CBRIG.V.g17752.t1__CNIGO.Cnig_chr_V.g20948.t1	143	115	136	160	147	120	422	442	433	221	210	281
CBRIG.V.g17755.t1__CNIGO.Cnig_chr_V.g20959.t2	137	137	179	51	65	50	348	376	411	537	556	513
CBRIG.V.g17763.t3__CNIGO.Cnig_chr_V.g20972.t1	257	362	326	809	884	920	2292	2198	2426	215	162	216
CBRIG.V.g17767.t1__CNIGO.Cnig_chr_V.g20975.t1	103	69	59	63	75	74	165	198	138	34	76	39
CBRIG.V.g17778.t1__CNIGO.Cnig_chr_V.g20998.t1	983	826	977	1382	1411	1581	779	833	864	418	369	439
CBRIG.V.g17785.t1__CNIGO.Cnig_chr_V.g21013.t1	339	450	455	178	196	238	598	599	628	409	381	395
CBRIG.V.g17787.t1__CNIGO.Cnig_chr_V.g21016.t1	758	592	671	136	178	187	310	406	392	379	326	314
CBRIG.V.g17812.t2__CNIGO.Cnig_chr_V.g21050.t2	814	796	777	166	157	213	369	321	415	166	194	223
CBRIG.V.g18008.t1__CNIGO.Cnig_chr_V.g21361.t1	274	318	260	106	156	124	195	161	144	58	101	36
CBRIG.V.g18202.t1__CNIGO.Cnig_chr_V.g21568.t1	115	138	89	71	43	24	276	362	354	219	183	169
CBRIG.V.g18225.t1__CNIGO.Cnig_chr_V.g21660.t1	1137	1240	1143	180	210	169	359	448	376	943	991	876
CBRIG.V.g18269.t1__CNIGO.Cnig_chr_V.g21738.t2	5481	5940	5400	445	528	376	944	911	922	973	976	896
CBRIG.V.g18289.t1__CNIGO.Cnig_chr_V.g21764.t1	90	83	115	49	47	69	149	139	100	71	74	82
CBRIG.V.g18313.t1__CNIGO.Cnig_chr_V.g21807.t1	299	326	290	150	197	199	917	995	1048	512	506	478
CBRIG.V.g18330.t1__CNIGO.Cnig_chr_V.g21789.t1	203	197	183	525	442	417	366	364	429	116	123	73
CBRIG.V.g18360.t1__CNIGO.Cnig_chr_V.g21915.t2	256	288	296	147	144	134	282	283	247	443	407	458
CBRIG.V.g18362.t1__CNIGO.Cnig_chr_V.g21917.t2	2924	2921	3159	375	302	327	536	624	678	1866	1797	1992
CBRIG.V.g18365.t1__CNIGO.Cnig_chr_V.g21920.t2	1031	1021	1090	285	292	255	422	447	453	685	763	627
CBRIG.V.g18445.t1__CNIGO.Cnig_chr_V.g22007.t2	117	173	143	61	51	73	211	293	301	154	151	136
CBRIG.V.g18453.t1__CNIGO.Cnig_chr_V.g22017.t1	339	357	372	151	197	260	678	795	693	210	161	227
CBRIG.V.g18508.t1__CNIGO.Cnig_chr_V.g22081.t1	865	902	881	227	240	243	551	417	463	424	494	425
CBRIG.X.g18524.t1__CNIGO.Cnig_chr_X.g22173.t1	202	205	273	120	173	171	544	512	438	654	572	723
CBRIG.X.g18550.t1__CNIGO.Cnig_chr_X.g22204.t1	180	218	214	683	671	820	455	556	553	129	110	92
CBRIG.X.g18570.t1__CNIGO.Cnig_chr_X.g22224.t1	386	393	350	201	256	200	842	769	815	613	645	630
CBRIG.X.g18576.t1__CNIGO.Cnig_chr_X.g22228.t1	2342	2439	2433	368	403	374	836	770	818	383	401	402
CBRIG.X.g18584.t2__CNIGO.Cnig_chr_X.g22236.t1	957	999	898	491	453	522	489	496	473	201	162	252
CBRIG.X.g18587.t2__CNIGO.Cnig_chr_X.g22238.t2	2049	1944	2082	592	479	518	1126	1259	1261	3054	2952	3022
CBRIG.X.g18612.t1__CNIGO.Cnig_chr_X.g22267.t1	1245	1204	1093	160	168	161	367	354	318	321	286	321
CBRIG.X.g18618.t1__CNIGO.Cnig_chr_X.g22273.t1	635	728	652	297	341	293	3379	3211	3532	2017	1976	2067
CBRIG.X.g18628.t2__CNIGO.Cnig_chr_X.g22286.t3	495	462	542	510	508	500	507	536	506	216	323	267
CBRIG.X.g18658.t1__CNIGO.Cnig_chr_X.g22321.t1	251	263	215	179	163	99	437	465	407	101	132	92
CBRIG.X.g18678.t1__CNIGO.Cnig_chr_X.g22168.t1	204	252	287	129	119	122	149	135	167	62	50	91
CBRIG.X.g18720.t1__CNIGO.Cnig_chr_X.g22370.t2	418	410	419	958	848	882	678	687	694	350	324	348
CBRIG.X.g18739.t3__CNIGO.Cnig_chr_X.g22394.t1	497	416	549	223	218	225	1151	1147	1238	212	185	221
CBRIG.X.g18740.t1__CNIGO.Cnig_chr_X.g22395.t1	639	560	609	342	307	242	1083	1174	1155	338	252	252
CBRIG.X.g18762.t1__CNIGO.Cnig_chr_X.g22418.t3	608	582	622	375	368	289	610	768	627	1098	928	914
CBRIG.X.g18772.t1__CNIGO.Cnig_chr_X.g22429.t1	623	561	647	162	175	161	291	341	357	184	149	178
CBRIG.X.g18779.t1__CNIGO.Cnig_chr_X.g22435.t1	418	454	432	218	228	244	802	750	1039	471	462	408
CBRIG.X.g18786.t2__CNIGO.Cnig_chr_X.g22442.t1	832	822	777	834	729	809	408	387	379	220	198	211
CBRIG.X.g18818.t1__CNIGO.Cnig_chr_X.g22481.t1	258	205	192	416	368	381	677	800	739	113	135	132
CBRIG.X.g18823.t1__CNIGO.Cnig_chr_X.g22485.t2	295	234	251	103	114	103	1045	1237	1132	290	315	272
CBRIG.X.g18824.t1__CNIGO.Cnig_chr_X.g22486.t1	1255	1253	1337	292	243	234	235	182	230	69	100	124
CBRIG.X.g18827.t2__CNIGO.Cnig_chr_X.g22492.t2	742	894	813	862	803	768	1061	1071	1129	280	300	266
CBRIG.X.g18831.t1__CNIGO.Cnig_chr_X.g22495.t1	295	270	283	151	127	153	816	908	845	159	146	130
CBRIG.X.g18834.t1__CNIGO.Cnig_chr_X.g22497.t1	357	368	403	326	365	432	1395	1456	1453	253	187	204
CBRIG.X.g18839.t1__CNIGO.Cnig_chr_X.g22502.t1	488	498	545	268	274	268	1050	1103	1035	257	287	323
CBRIG.X.g18846.t1__CNIGO.Cnig_chr_X.g22508.t1	530	551	411	764	670	695	493	497	519	231	260	240
CBRIG.X.g18859.t4__CNIGO.Cnig_chr_X.g22524.t1	444	427	423	710	688	704	1319	1297	1329	206	230	232
CBRIG.X.g18987.t1__CNIGO.Cnig_chr_X.g22681.t1	1190	1288	1231	310	238	260	623	541	567	241	312	290
CBRIG.X.g18992.t1__CNIGO.Cnig_chr_X.g22689.t2	896	835	886	231	193	191	425	510	414	185	235	213
CBRIG.X.g19020.t1__CNIGO.Cnig_chr_X.g22711.t1	276	256	256	137	119	120	466	509	579	159	155	157
CBRIG.X.g19037.t2__CNIGO.Cnig_chr_X.g22736.t2	5257	5499	5571	706	730	737	1312	1414	1187	1951	2066	2149
CBRIG.X.g19039.t2__CNIGO.Cnig_chr_X.g22738.t1	480	389	386	60	39	34	77	76	85	85	96	134
CBRIG.X.g19070.t3__CNIGO.Cnig_chr_X.g22780.t1	1465	1302	1501	308	251	203	249	258	215	110	98	164
CBRIG.X.g19094.t1__CNIGO.Cnig_chr_X.g22805.t1	376	411	432	202	170	206	454	379	409	397	342	380
CBRIG.X.g19106.t1__CNIGO.Cnig_chr_X.g22822.t2	252	259	331	62	69	68	99	109	140	69	56	77
CBRIG.X.g19107.t1__CNIGO.Cnig_chr_X.g22824.t2	1133	1174	1162	561	575	556	6930	6395	6603	621	522	539
CBRIG.X.g19108.t2__CNIGO.Cnig_chr_X.g22825.t1	138	118	114	117	109	99	845	727	762	35	50	41
CBRIG.X.g19226.t2__CNIGO.Cnig_chr_X.g22979.t1	2941	3121	3007	473	496	519	1009	978	977	1458	1395	1452
CBRIG.X.g19260.t2__CNIGO.Cnig_chr_X.g23015.t1	496	505	597	247	235	236	1008	955	994	1246	1301	1112
CBRIG.X.g19278.t2__CNIGO.Cnig_chr_X.g23031.t3	500	413	524	142	114	126	289	342	391	399	318	290
CBRIG.X.g19281.t1__CNIGO.Cnig_chr_X.g23035.t1	159	212	161	69	81	93	449	415	502	142	138	181
CBRIG.X.g19304.t1__CNIGO.Cnig_chr_X.g23055.t1	3619	3577	3785	450	507	375	948	977	1056	1380	1514	1373
CBRIG.X.g19313.t1__CNIGO.Cnig_chr_X.g23065.t1	609	596	551	285	254	272	1139	972	1000	791	588	847
CBRIG.X.g19314.t1__CNIGO.Cnig_chr_X.g23066.t3	579	567	588	353	250	268	6534	6138	6107	385	319	333
CBRIG.X.g19325.t1__CNIGO.Cnig_chr_X.g23079.t1	427	355	437	1045	1206	1111	1698	1658	1755	211	255	247
CBRIG.X.g19394.t1__CNIGO.Cnig_chr_X.g23153.t1	343	285	258	116	148	166	332	249	294	126	133	137
CBRIG.X.g19418.t1__CNIGO.Cnig_chr_X.g23180.t1	1354	1312	1344	289	344	413	614	667	668	338	335	322
CBRIG.X.g19424.t1__CNIGO.Cnig_chr_X.g23185.t3	2813	3061	3019	3078	3115	3241	3100	3043	3039	1501	1520	1587
CBRIG.X.g19429.t1__CNIGO.Cnig_chr_X.g23191.t1	3365	3033	3232	162	132	136	351	276	279	641	551	618
CBRIG.X.g19450.t1__CNIGO.Cnig_chr_X.g23209.t1	1906	1969	2054	508	500	554	613	469	444	265	208	225
CBRIG.X.g19480.t1__CNIGO.Cnig_chr_X.g23242.t1	505	462	517	270	210	218	1075	1087	1114	515	489	470
CBRIG.X.g19493.t1__CNIGO.Cnig_chr_X.g23256.t2	1425	1352	1469	227	216	220	420	424	453	657	639	623
CBRIG.X.g19496.t3__CNIGO.Cnig_chr_X.g23259.t3	188	190	193	88	101	111	220	207	261	230	244	242
CBRIG.X.g19518.t1__CNIGO.Cnig_chr_X.g23282.t1	310	204	230	69	50	63	107	149	180	86	77	68
CBRIG.X.g19553.t1__CNIGO.Cnig_chr_X.g23319.t1	478	466	500	215	234	200	3029	2849	3056	351	396	431
CBRIG.X.g19612.t1__CNIGO.Cnig_chr_X.g23406.t1	387	363	360	88	72	88	197	199	131	244	259	291
CBRIG.X.g19623.t1__CNIGO.Cnig_chr_X.g23408.t1	436	409	460	778	803	969	421	401	367	163	180	192
CBRIG.X.g19624.t2__CNIGO.Cnig_chr_X.g23407.t1	607	599	575	130	98	108	673	631	587	1039	911	985
CBRIG.X.g19659.t1__CNIGO.Cnig_chr_X.g23476.t3	715	674	739	340	425	370	1555	1379	1419	759	768	800
CBRIG.X.g19663.t1__CNIGO.Cnig_chr_X.g23480.t2	111	126	101	59	71	54	176	216	224	42	50	51
CBRIG.X.g19711.t1__CNIGO.Cnig_chr_X.g23594.t1	243	227	280	76	104	163	217	213	183	406	343	357
CBRIG.X.g19715.t1__CNIGO.Cnig_chr_X.g23600.t1	226	241	210	196	169	164	391	308	327	152	155	167
CBRIG.X.g19750.t1__CNIGO.Cnig_chr_X.g23639.t1	284	299	290	140	124	146	278	302	262	190	121	176
CBRIG.X.g19898.t1__CNIGO.Cnig_chr_X.g23746.t1	530	472	517	174	124	120	276	232	324	960	926	983
CBRIG.X.g19901.t3__CNIGO.Cnig_chr_X.g23748.t1	3135	3205	2951	504	638	516	902	921	959	2316	2517	2389
CBRIG.X.g19907.t1__CNIGO.Cnig_chr_X.g23755.t1	996	1145	1055	86	86	52	108	116	122	43	51	70
CBRIG.X.g19933.t2__CNIGO.Cnig_chr_X.g23792.t1	289	309	280	144	160	141	1764	1475	1665	122	141	138
CBRIG.X.g19952.t1__CNIGO.Cnig_chr_X.g23811.t1	335	355	368	226	156	212	258	249	248	585	559	522
CBRIG.X.g19995.t1__CNIGO.Cnig_chr_X.g23855.t1	2915	2791	2775	450	416	371	670	614	693	1460	1502	1397
CBRIG.X.g20019.t1__CNIGO.Cnig_chr_X.g23877.t2	4390	4207	3946	527	510	513	476	405	520	539	557	450
CBRIG.X.g20044.t1__CNIGO.Cnig_chr_X.g23912.t1	1262	1347	1314	242	227	246	414	394	453	941	1172	1024
CBRIG.X.g20046.t1__CNIGO.Cnig_chr_X.g23914.t3	974	1085	989	530	461	589	3314	3215	3242	1112	1022	1083
CBRIG.X.g20053.t2__CNIGO.Cnig_chr_X.g23930.t2	1200	1302	1204	123	162	212	227	251	260	166	86	135
CBRIG.X.g20071.t2__CNIGO.Cnig_chr_X.g23953.t1	234	224	214	121	72	101	232	247	270	125	102	122
CBRIG.X.g20075.t2__CNIGO.Cnig_chr_X.g23958.t1	848	769	871	820	904	656	3105	3074	3035	440	415	440
CBRIG.X.g20084.t1__CNIGO.Cnig_chr_X.g23967.t1	1181	1160	1227	290	263	277	1753	1736	1807	817	888	818
CBRIG.X.g20091.t2__CNIGO.Cnig_chr_X.g23973.t1	935	986	894	955	903	949	888	878	921	519	426	455
CBRIG.X.g20138.t2__CNIGO.Cnig_chr_X.g24028.t1	565	604	781	147	158	174	311	317	306	152	158	195
CBRIG.X.g20186.t1__CNIGO.Cnig_chr_X.g24077.t1	152	192	149	96	152	128	307	269	348	61	70	104
CBRIG.X.g20188.t1__CNIGO.Cnig_chr_X.g24079.t1	481	487	494	68	90	69	191	176	184	137	169	188
CBRIG.X.g20272.t3__CNIGO.Cnig_chr_X.g24133.t2	1672	1510	1587	264	256	283	333	334	315	204	217	162
CBRIG.X.g20291.t1__CNIGO.Cnig_chr_X.g24159.t2	523	567	478	280	305	297	3080	3326	3057	248	331	301
CBRIG.X.g20308.t3__CNIGO.Cnig_chr_X.g24179.t2	631	600	652	681	602	612	750	705	771	295	396	342
CBRIG.X.g20313.t1__CNIGO.Cnig_chr_X.g24184.t2	868	836	880	196	266	218	383	332	395	204	198	210
CBRIG.X.g20319.t1__CNIGO.Cnig_chr_X.g24190.t1	447	436	410	196	273	206	852	888	891	192	186	241
CBRIG.X.g20321.t3__CNIGO.Cnig_chr_X.g24192.t2	500	675	603	288	302	303	583	625	572	901	853	813
CBRIG.X.g20350.t1__CNIGO.Cnig_chr_X.g24218.t1	609	645	638	376	356	407	1223	1399	1251	935	1100	1041
CBRIG.X.g20361.t1__CNIGO.Cnig_chr_X.g24229.t2	512	645	643	346	302	297	637	579	549	1149	1199	1173
CBRIG.X.g20384.t1__CNIGO.Cnig_chr_X.g24252.t1	792	603	763	402	352	348	715	747	664	385	376	307
CBRIG.X.g20399.t3__CNIGO.Cnig_chr_X.g24271.t3	2694	2715	2736	359	353	260	577	548	660	346	353	360
CBRIG.X.g20406.t1__CNIGO.Cnig_chr_X.g24274.t1	239	332	285	151	126	114	1016	1032	1069	196	214	270
CBRIG.X.g20418.t1__CNIGO.Cnig_chr_X.g24288.t1	270	350	274	69	67	77	159	121	152	94	82	86
CBRIG.X.g20433.t2__CNIGO.Cnig_chr_X.g24305.t3	1103	1062	1027	595	576	526	469	563	490	243	239	239
CBRIG.X.g20436.t1__CNIGO.Cnig_chr_X.g24309.t2	1961	1855	1901	200	257	216	436	490	507	1067	911	1049
CBRIG.X.g20441.t1__CNIGO.Cnig_chr_X.g24315.t1	376	381	337	196	171	195	728	703	708	565	538	571
CBRIG.X.g20466.t1__CNIGO.Cnig_chr_X.g24346.t1	335	346	315	159	144	179	814	650	633	197	160	199
CBRIG.X.g20480.t1__CNIGO.Cnig_chr_X.g24361.t1	655	584	668	260	347	267	691	660	577	552	581	651
CBRIG.X.g20489.t2__CNIGO.Cnig_chr_X.g24370.t1	409	326	456	148	212	253	403	400	355	506	598	568
CBRIG.X.g20492.t1__CNIGO.Cnig_chr_X.g24373.t1	452	388	358	292	349	434	283	204	174	103	92	50
CBRIG.X.g20510.t2__CNIGO.Cnig_chr_X.g24396.t1	959	927	956	487	471	542	988	898	1013	1124	1027	975
CBRIG.X.g20538.t1__CNIGO.Cnig_chr_X.g24330.t1	195	169	193	90	77	76	133	114	131	193	167	209
CBRIG.X.g20545.t1__CNIGO.Cnig_chr_X.g24425.t2	975	951	981	294	266	276	556	500	592	1073	1121	1132
CBRIG.X.g20547.t2__CNIGO.Cnig_chr_X.g24428.t1	3072	2955	2839	698	683	649	644	727	725	383	340	294
CBRIG.X.g20553.t1__CNIGO.Cnig_chr_X.g24433.t1	243	206	226	121	124	140	115	147	121	69	111	79
CBRIG.X.g20565.t1__CNIGO.Cnig_chr_X.g24445.t1	370	337	306	517	454	546	322	303	293	154	146	157
CBRIG.X.g20577.t1__CNIGO.Cnig_chr_X.g24457.t1	153	168	255	84	82	77	384	398	420	174	181	144
CBRIG.X.g20586.t1__CNIGO.Cnig_chr_X.g24466.t2	585	706	643	241	153	156	336	300	334	338	426	374
CBRIG.X.g20592.t1__CNIGO.Cnig_chr_X.g24474.t1	552	461	469	258	231	271	918	859	872	1113	1257	1146
CBRIG.X.g20630.t1__CNIGO.Cnig_chr_X.g24517.t2	1121	1179	997	133	162	109	289	265	322	244	289	262
CBRIG.X.g20632.t1__CNIGO.Cnig_chr_X.g24519.t1	2878	2976	2963	418	479	515	883	802	864	1374	1238	1372
CBRIG.X.g20651.t1__CNIGO.Cnig_chr_X.g26396.t1	1217	1199	1242	148	134	153	353	376	289	508	486	452
CBRIG.X.g20659.t1__CNIGO.Cnig_chr_X.g24546.t1	1629	1684	1662	407	324	409	558	468	535	276	238	246
CBRIG.X.g20661.t1__CNIGO.Cnig_chr_X.g24549.t4	1291	1314	1305	355	340	324	589	749	673	334	312	377
CBRIG.X.g20662.t1__CNIGO.Cnig_chr_X.g24550.t3	3147	3093	3229	1143	1078	1181	901	811	841	350	408	324
CBRIG.X.g20664.t1__CNIGO.Cnig_chr_X.g24552.t1	152	176	180	175	123	136	210	194	191	107	114	116
CBRIG.X.g20680.t1__CNIGO.Cnig_chr_X.g24567.t1	1046	1019	970	1750	1731	1778	404	495	453	272	186	245
CBRIG.X.g20709.t1__CNIGO.Cnig_chr_X.g24601.t2	581	655	705	317	323	320	2048	1939	1911	598	643	676
CBRIG.X.g20726.t3__CNIGO.Cnig_chr_X.g24627.t1	3445	3225	3353	550	529	602	937	1067	977	541	463	611
CBRIG.X.g20734.t1__CNIGO.Cnig_chr_X.g24632.t3	1149	1327	1338	394	427	423	897	956	983	565	517	423
CBRIG.X.g20746.t4__CNIGO.Cnig_chr_X.g24647.t1	689	629	641	579	658	682	2469	2313	2467	365	217	314
CBRIG.X.g20773.t2__CNIGO.Cnig_chr_X.g24673.t2	308	261	315	127	152	138	961	1021	1038	171	166	185
CBRIG.X.g20782.t1__CNIGO.Cnig_chr_X.g24681.t1	656	758	762	1037	1031	1026	2240	2143	2268	417	355	335
CBRIG.X.g20784.t1__CNIGO.Cnig_chr_X.g24684.t1	1456	1394	1312	184	259	238	291	346	409	120	208	177
CBRIG.X.g20814.t1__CNIGO.Cnig_chr_X.g24717.t1	661	626	593	311	225	359	1000	1101	1087	590	551	545
CBRIG.X.g20858.t1__CNIGO.Cnig_chr_X.g24778.t1	309	301	325	150	146	130	596	559	650	140	98	150
CBRIG.X.g20892.t1__CNIGO.Cnig_chr_X.g24811.t1	1109	1142	1170	860	724	667	424	347	319	196	189	215
CBRIG.X.g20898.t2__CNIGO.Cnig_chr_X.g24816.t1	1593	1466	1663	199	276	222	447	398	431	643	598	617
CBRIG.X.g20899.t2__CNIGO.Cnig_chr_X.g24817.t1	901	875	807	401	406	404	831	861	882	380	439	401
CBRIG.X.g20912.t1__CNIGO.Cnig_chr_X.g24834.t1	162	183	196	92	65	92	362	388	267	88	74	65
CBRIG.X.g20919.t1__CNIGO.Cnig_chr_X.g24844.t1	1315	1218	1305	316	353	272	606	625	578	611	538	552
CBRIG.X.g20962.t1__CNIGO.Cnig_chr_X.g24917.t2	1298	1449	1293	683	766	735	505	506	437	266	225	224
CBRIG.X.g20975.t1__CNIGO.Cnig_chr_X.g24930.t1	275	367	244	158	155	125	855	792	881	220	202	162
CBRIG.X.g20991.t1__CNIGO.Cnig_chr_X.g24944.t1	609	574	638	558	573	618	544	581	608	277	297	277
CBRIG.X.g21083.t1__CNIGO.Cnig_chr_X.g25043.t2	192	223	277	88	76	142	844	887	1005	113	89	117
CBRIG.X.g21110.t1__CNIGO.Cnig_chr_X.g25073.t2	337	327	334	162	158	135	1951	1893	1836	1424	1505	1499
CBRIG.X.g21116.t1__CNIGO.Cnig_chr_X.g25077.t1	141	181	149	45	61	23	78	99	130	179	130	108
CBRIG.X.g21130.t1__CNIGO.Cnig_chr_X.g25093.t1	125	139	129	50	54	52	340	424	321	119	151	132
CBRIG.X.g21135.t3__CNIGO.Cnig_chr_X.g25100.t1	551	453	557	252	250	209	645	794	772	730	731	721
CBRIG.X.g21140.t1__CNIGO.Cnig_chr_X.g25108.t1	99	100	115	44	30	41	101	91	76	24	68	41
CBRIG.X.g21179.t1__CNIGO.Cnig_chr_X.g25156.t3	326	393	486	376	365	465	1154	1121	1214	172	199	213
CBRIG.X.g21201.t1__CNIGO.Cnig_chr_X.g24490.t1	76	126	44	34	67	24	261	245	331	292	330	240
CBRIG.X.g21241.t1__CNIGO.Cnig_chr_X.g25230.t1	580	693	714	340	318	327	408	427	428	231	229	168
CBRIG.X.g21250.t4__CNIGO.Cnig_chr_X.g25235.t3	1360	1642	1548	772	726	764	25897	25409	25324	1105	973	1042
CBRIG.X.g21251.t1__CNIGO.Cnig_chr_X.g25236.t1	227	204	267	167	146	123	920	798	971	152	134	156
CBRIG.X.g21265.t1__CNIGO.Cnig_chr_X.g25253.t2	208	210	229	93	105	128	508	380	419	611	485	597
CBRIG.X.g21275.t1__CNIGO.Cnig_chr_X.g25266.t3	3474	3402	3367	498	583	583	1265	1101	994	587	579	578
CBRIG.X.g21278.t1__CNIGO.Cnig_chr_X.g25271.t1	275	235	262	542	506	586	459	597	438	105	141	120
CBRIG.X.g21294.t1__CNIGO.Cnig_chr_X.g25294.t1	959	806	934	120	87	69	174	168	166	114	97	68
CBRIG.X.g21307.t1__CNIGO.Cnig_chr_X.g25307.t1	1420	1361	1374	234	225	250	455	545	478	439	491	368
CBRIG.X.g21366.t1__CNIGO.Cnig_chr_X.g25382.t1	4920	4993	4996	427	498	492	968	979	1084	888	1136	974
CBRIG.X.g21368.t1__CNIGO.Cnig_chr_X.g25384.t1	999	854	991	488	481	373	2749	2768	2722	455	464	426
CBRIG.X.g21397.t2__CNIGO.Cnig_chr_X.g25431.t2	5406	5266	5424	1306	1340	1359	986	1043	937	448	504	472
CBRIG.X.g21407.t1__CNIGO.Cnig_chr_X.g25443.t1	175	183	188	51	43	74	89	85	119	101	129	95
CBRIG.X.g21434.t1__CNIGO.Cnig_chr_X.g26395.t1	233	223	204	181	184	208	157	187	192	36	42	55
CBRIG.X.g21527.t1__CNIGO.Cnig_chr_X.g25575.t1	200	232	206	69	94	95	198	182	217	363	350	307
CBRIG.X.g21529.t1__CNIGO.Cnig_chr_X.g25578.t2	562	584	653	246	307	308	577	550	593	690	558	529
CBRIG.X.g21552.t1__CNIGO.Cnig_chr_X.g25609.t1	319	282	274	652	593	564	562	595	629	143	153	185
CBRIG.X.g21553.t2__CNIGO.Cnig_chr_X.g25610.t1	707	619	721	227	161	175	286	346	355	310	364	288
CBRIG.X.g21555.t1__CNIGO.Cnig_chr_X.g25612.t2	289	236	324	643	531	523	2220	1920	2105	102	119	174
CBRIG.X.g21561.t1__CNIGO.Cnig_chr_X.g25615.t2	559	563	588	1891	1880	1925	1197	910	1003	497	524	460
CBRIG.X.g21576.t1__CNIGO.Cnig_chr_X.g25635.t1	418	436	419	211	171	242	739	744	775	643	593	533
CBRIG.X.g21583.t1__CNIGO.Cnig_chr_X.g25645.t1	590	549	578	466	501	528	2900	2977	2977	279	287	258
CBRIG.X.g21585.t1__CNIGO.Cnig_chr_X.g25648.t1	177	208	163	131	66	108	377	377	340	61	95	90
CBRIG.X.g21588.t1__CNIGO.Cnig_chr_X.g25651.t1	193	202	162	110	93	79	439	437	397	125	129	106
CBRIG.X.g21591.t3__CNIGO.Cnig_chr_X.g25655.t1	3828	3850	3881	612	645	721	691	917	842	838	829	811
CBRIG.X.g21599.t1__CNIGO.Cnig_chr_X.g25659.t2	466	490	530	1869	1650	1676	918	1090	971	443	384	392
CBRIG.X.g21695.t1__CNIGO.Cnig_chr_X.g25727.t1	235	214	240	666	611	629	989	1024	981	112	62	85
CBRIG.X.g21699.t3__CNIGO.Cnig_chr_X.g25736.t1	924	829	898	218	207	167	442	416	394	479	429	489
CBRIG.X.g21703.t1__CNIGO.Cnig_chr_X.g25740.t1	157	174	114	143	140	146	646	659	530	82	90	87
CBRIG.X.g21717.t1__CNIGO.Cnig_chr_X.g25763.t1	386	405	391	67	70	82	168	128	229	75	84	86
CBRIG.X.g21719.t1__CNIGO.Cnig_chr_X.g25766.t1	160	172	172	210	226	261	458	433	413	68	74	59
CBRIG.X.g21735.t1__CNIGO.Cnig_chr_X.g25792.t1	2807	2772	2888	247	304	254	436	455	463	520	512	511
CBRIG.X.g21739.t1__CNIGO.Cnig_chr_X.g25796.t1	1047	1053	1021	575	494	561	8208	8241	8551	1482	1521	1518
CBRIG.X.g21746.t2__CNIGO.Cnig_chr_X.g25804.t3	567	612	632	132	81	95	265	252	262	669	663	740
CBRIG.X.g21754.t1__CNIGO.Cnig_chr_X.g25813.t1	391	375	420	246	202	192	427	435	506	647	705	694
CBRIG.X.g21756.t2__CNIGO.Cnig_chr_X.g25815.t3	1813	1770	1695	456	429	392	813	905	812	367	474	389
CBRIG.X.g21773.t2__CNIGO.Cnig_chr_X.g25835.t1	249	238	290	102	109	150	245	228	225	77	93	116
CBRIG.X.g21782.t1__CNIGO.Cnig_chr_X.g25843.t1	177	200	181	91	100	98	801	778	935	478	363	384
CBRIG.X.g21799.t1__CNIGO.Cnig_chr_X.g25888.t1	777	796	797	391	415	344	1574	1425	1499	495	404	422
CBRIG.X.g21806.t1__CNIGO.Cnig_chr_X.g25881.t1	955	1025	1117	896	721	855	484	528	570	231	242	265
CBRIG.X.g21823.t1__CNIGO.Cnig_chr_X.g25861.t1	165	157	184	93	64	41	320	345	332	544	416	587
CBRIG.X.g21824.t1__CNIGO.Cnig_chr_X.g25860.t1	526	539	478	291	299	292	475	489	469	240	290	236
CBRIG.X.g21847.t1__CNIGO.Cnig_chr_X.g25910.t1	303	205	276	161	175	135	3284	3082	3249	501	543	610
CBRIG.X.g21852.t2__CNIGO.Cnig_chr_X.g25916.t1	608	557	528	801	864	889	2209	2294	2274	255	247	200
CBRIG.X.g21855.t5__CNIGO.Cnig_chr_X.g25919.t1	3091	3272	2946	1473	1495	1527	5011	5087	5013	1427	1348	1229
CBRIG.X.g21860.t1__CNIGO.Cnig_chr_X.g25927.t2	826	1060	1111	121	120	113	281	249	257	710	734	744
CBRIG.X.g21865.t1__CNIGO.Cnig_chr_X.g25932.t2	1536	1527	1425	367	420	384	707	751	762	1486	1503	1534
CBRIG.X.g21960.t1__CNIGO.Cnig_chr_X.g26105.t1	235	299	258	158	114	114	473	450	428	395	373	351
CBRIG.X.g21972.t1__CNIGO.Cnig_chr_X.g26126.t1	107	121	140	58	71	64	289	333	359	57	51	75
CBRIG.X.g22000.t1__CNIGO.Cnig_chr_X.g26163.t1	196	222	183	183	169	186	814	782	692	120	63	87
CBRIG.X.g22004.t1__CNIGO.Cnig_chr_X.g26167.t1	6588	6860	6836	709	650	649	1336	1299	1304	2088	2029	1974
CBRIG.X.g22157.t1__CNIGO.Cnig_chr_X.g26375.t1	781	845	914	1536	1521	1636	1856	1801	1769	277	323	275
CBRIG.X.g22181.t1__CNIGO.Cnig_chr_X.g26524.t1	156	183	194	24	61	50	96	103	106	169	127	150
CBRIG.X.g22186.t2__CNIGO.Cnig_chr_X.g26518.t1	195	208	235	586	585	502	333	300	287	143	155	115
CBRIG.X.g22219.t3__CNIGO.Cnig_chr_X.g26477.t3	1519	1269	1343	229	235	243	351	363	308	434	574	519
CBRIG.X.g22247.t1__CNIGO.Cnig_chr_X.g26443.t1	575	591	654	693	543	613	1044	985	1080	179	171	165
CBRIG.X.g22302.t1__CNIGO.Cnig_chr_X.g26571.t2	824	824	854	142	163	129	284	216	282	99	154	119
CBRIG.X.g22304.t2__CNIGO.Cnig_chr_X.g26575.t3	389	411	332	389	370	328	1634	1607	1586	261	309	224
CBRIG.X.g22354.t1__CNIGO.Cnig_chr_X.g26679.t2	344	415	381	364	378	395	1718	1737	1788	187	163	229
CBRIG.X.g22373.t1__CNIGO.Cnig_chr_X.g26693.t2	1722	1794	1643	437	426	395	311	266	292	136	179	146
